2 0.16989127933268075 0.632817395306771 0.18003705258528133 0.6641770580875364 0.20309562815937351 0.6992260929601565 0.2353776339631026 0.691847348776447 0.2685819827897954 0.6789345464549554 0.30916507580019764 0.6632547150645727 0.35159285485652725 0.6392737964675168 0.4032440641424938 0.6189822499623157 0.45489527342846026 0.5940789883422961 0.5130028838751727 0.5700980697452402 0.5692658082759575 0.5415054360333659 0.6172276454700694 0.5175245174363099 0.6919374303301279 0.4741743953570166 0.7398992675242398 0.4418923895532875 0.780482360534642 0.41053272677252217 0.8229101395909717 0.37456134887693837 0.8542698023717371 0.3404346570272818 0.8754836918999022 0.3118420233154076 0.86994963376212 0.28509407564946065 0.8542698023717371 0.2546567558916589 0.8219877965680081 0.24451098263905846 0.8201431105220806 0.254656755891659 0.7961621919250248 0.28509407564946065 0.7629578430983321 0.31829842447615336 0.7325205233405303 0.3422793430732093 0.694704459399019 0.3708719767850836 0.6568883954575078 0.39854226747399424 0.6246063896537789 0.41975615700215907 0.5960137559419045 0.4363583314155054 0.5655764361841028 0.4548051918747792 0.5259156861966643 0.4741743953570166 0.47703150597958877 0.4963106279081451 0.43091435483140444 0.5175245174363099 0.3838748606602563 0.5424277790563296 0.3322236513742898 0.5636416685844944 0.2953299304557423 0.5830108720667319 0.26120323860608585 0.6005353895030419 0.21969780257271984 0.6162152208934245 0.19110516886084558 0.6245163081000977 0.17358065142453546 0.620826936008243
1 0.6460145770786881 0.29726333265292026 0.6465872795288212 0.30699927430518115 0.6420056599277573 0.320744133108373 0.6374240403266932 0.33219818211103286 0.6311243133752302 0.3384979090624958 0.6231064790733684 0.3356343968118308 0.6162340496717724 0.30413576205451615 0.6024891908685805 0.3035630596043832 0.5727086634616648 0.3516700654155547 0.565836234060069 0.3579697923670176 0.5566729948579411 0.3493792556150227 0.555527589957675 0.322462240458772 0.568699746310734 0.30585386940491516 0.555527589957675 0.30585386940491516 0.5303286821518234 0.31616251350730906 0.5034116669955726 0.3659876266688795 0.49711194004410975 0.3734327585206084 0.4822216763406519 0.3579697923670176 0.4976846424942427 0.31959872820810703 0.49424842779344474 0.31444440615691005 0.46274979303613006 0.324180347809171 0.43125115827881544 0.3705692462699435 0.42266062152682055 0.3665603291190125 0.41292467987455966 0.3671330315691454 0.42896034847828346 0.322462240458772 0.41865170437588956 0.321316835558506 0.3619541618127232 0.35338817276595363 0.3602360544623242 0.34594304091422473 0.34935470790979734 0.34479763601395874 0.3556544348612603 0.33391628946143187 0.3848622598180429 0.30814467920544714 0.35966335201219124 0.2955452253025213 0.3550817324111273 0.28237306894946246 0.3086928339503548 0.31959872820810703 0.2978114873978279 0.323034942908905 0.2972387849476949 0.3110081914561121 0.286930140845301 0.30871738165558016 0.3379006589071374 0.25316524399267976 0.3344644442063395 0.24801092194148278 0.3161379658020837 0.2508744341921478 0.292084462896498 0.2577468635937437 0.2542861011877204 0.26691010279587163 0.23767773013386354 0.2749279370977335 0.22851449093173565 0.26347388809507366 0.2663128526405133 0.23884768273935486 0.285784735945035 0.22624822883642903 0.31270175110128573 0.22796633618682802 0.3350371466564725 0.23541146803855695 0.3505001128100633 0.24514740969081786 0.3579452446617923 0.2600376733942757 0.35737254221165926 0.2777914493483985 0.3630995667129892 0.29096360570145735 0.3888711769689739 0.30299035715425016 0.42094251417642153 0.3150171086070431 0.4604589832355981 0.3092900841057131 0.5085659890467695 0.30470846450464917 0.5698451512109999 0.2989814400033193 0.6196702643725703 0.2943998204022553
0 0.17081362235564446 0.6272833371689889 0.19110516886084558 0.6254386511230615 0.24552340721570315 0.6079141336867514 0.28333947115721436 0.5903896162504413 0.3349906804431809 0.564564011607458 0.3838748606602563 0.5405830930104022 0.44382715715289606 0.5138351453444553 0.500090081553681 0.488009540701472 0.5572753489774297 0.461261593035525 0.6107712443093235 0.4280572442088323 0.6661118256871448 0.39208586631324843 0.7113066338123655 0.35888151748655567 0.7454333256620219 0.3293665407517177 0.7767929884427873 0.301696250062807 0.8035409361087343 0.27310361635093267 0.819220767499117 0.25281206984573157 0.819220767499117 0.24174395357016729 0.7915504768102065 0.24451098263905835 0.7611131570524046 0.2500450407768405 0.7389769245012761 0.2657248721672232 0.7076172617205106 0.2814047035576059 0.6910150873071644 0.2952398489020612 0.6596554245263989 0.30077390703984336 0.64489793615898 0.2980068779709522 0.6135382733782145 0.2980068779709522 0.5747998664137397 0.30077390703984336 0.5388284885181559 0.301696250062807 0.4954783664388625 0.30815265122355284 0.455817616451424 0.3109196802924439 0.4253802966936223 0.30815265122355284 0.3811078315913653 0.2943175058790975 0.3626609711320915 0.2906281337872427 0.3562045699713457 0.2814047035576059 0.352515197879491 0.23713223845534886 0.3349906804431809 0.23067583729460303 0.3165438199839071 0.22883115124867565 0.2980969595246334 0.21499600590422033 0.26120323860608585 0.19747148846791027 0.2501351223305216 0.21960772101903878 0.2279988897793931 0.21960772101903878 0.1966392269986277 0.23067583729460303 0.16435722119489862 0.2546567558916589 0.14498801771266118 0.27587064541982376 0.11731772702375054 0.2933951628561338 0.08872509331187622 0.30630796517762543 0.05644308750814714 0.31829842447615336 0.019549366589599625 0.3265995116828266 0.034306854957018636 0.3450463721421004 0.061977145645929266 0.3865518081754663 0.0896474363348399 0.41975615700215907 0.11455069795485949 0.4409700465303239 0.12100709911560531 0.46864033721923454 0.13299755841413324 0.49723297093110885 0.1422209886437701 0.5442724651022569 0.1569784770111891 0.594078988342296
3 0.2058626572282646 0.6992260929601565 0.24275637814681203 0.6927696917994106 0.2861065002261054 0.6743228313401368 0.32853427928243506 0.6540312848349358 0.3912536048439658 0.623593965077134 0.4475165292447508 0.5996130464800782 0.5083911687603542 0.5700980697452402 0.5664987792070665 0.5451948081252206 0.630140447791561 0.5119904592985278 0.6900927442842008 0.47694142442590765 0.730675837294603 0.4501934767599608 0.7666472151901869 0.41883381397919534 0.8053856221546617 0.38931883724435734 0.8404346570272818 0.3561144884176646 0.8625708895784104 0.3321335698206087 0.8754836918999022 0.30630796517762543 0.8644155756243379 0.27956001751167847 0.8487357442339551 0.25650144193758634 0.8330559128435724 0.24820035473091312 0.801696250062807 0.23897692450127617 0.7731036163509326 0.24912269775387677 0.7417439535701672 0.2638801861212958 0.7149960059042203 0.27402595937389634 0.6873257152153096 0.2841717326264969 0.6642671396412174 0.29155047681020646 0.630140447791561 0.29247281983317014 0.5960137559419045 0.2943175058790975 0.5471295757248291 0.29800687797095227 0.5203816280588822 0.30630796517762543 0.48164322109440727 0.3109196802924439 0.44474950017585985 0.31184202331540756 0.41338983739509433 0.3035409361087344 0.3857195467061837 0.3035409361087344 0.3598939420632005 0.28970579076427905 0.3562045699713457 0.26295784309833214 0.3460587967187451 0.23528755240942145 0.33868005253503564 0.2269864652027483 0.3119321048690887 0.2251417791568209 0.31100976184612494 0.21684069195014768 0.27688306999646856 0.19839383149087392 0.26950432581275907 0.19101508730716446 0.24921277930755786 0.21868537799607504 0.23998934907792097 0.21960772101903878 0.22338717466457464 0.21960772101903878 0.19940625606751877 0.22883115124867565 0.16896893630971707 0.2546567558916589 0.14037630259784273 0.27863767448871485 0.11639538400078685 0.29616219192502485 0.0748899479674209 0.31184202331540756 0.03246216891109126 0.32475482563689917 0.02231639565849069 0.32475482563689917 0.03984091309480076 0.3561144884176646 0.06843354680667509 0.39577523840510326 0.09425915144965835 0.4243678721169776 0.11547304097782315 0.4418923895532875 0.11916241306967792 0.46402862210441603 0.13207521539116956 0.49538828488518144 0.13668693050598799 0.520291546505201 0.14683270375858856 0.5645640116074581 0.1671242502637897 0.6171375639163883 0.17173596537860814 0.6457301976282624 0.19202751188380926 0.7010707790060838
2 0.22271637973878294 0.699601262357299 0.24367872116977587 0.7180481228165728 0.2730259991731659 0.7331410086468876 0.32585109957926806 0.752426362763401 0.38454565558604814 0.7658422612792366 0.4507866545079857 0.7742271978516339 0.5312820456029985 0.7800966534523118 0.6176468922986893 0.7817736407667912 0.7191046248246952 0.7767426788233529 0.7979230286052282 0.7742271978516339 0.8675180021561247 0.7683577422509557 0.9186661152477476 0.7616497929930379 0.9522058615373361 0.7515878691061615 0.9664602537104113 0.7432029325337642 0.9781991649117674 0.7641652739647572 0.9798761522262468 0.8010589948833047 0.9781991649117674 0.8186673616853387 0.967298747367651 0.8304062728866947 0.9186661152477476 0.8421451840880506 0.8566175846120083 0.850530120660448 0.7912150793473106 0.850530120660448 0.7409054599129277 0.8513686143176876 0.6838878912206269 0.856399576261126 0.6210008669276482 0.8589150572328451 0.5555983616629503 0.8614305382045642 0.4935498310272113 0.8614305382045642 0.41137745261771913 0.8572380699183657 0.3417824790668227 0.8446606650597698 0.27637997380212476 0.8253753109432564 0.2302628226539404 0.8035744758550238 0.20091554465055034 0.7826121344240309 0.18498416516299573 0.7616497929930379 0.19756157002159147 0.7021167433290182 0.20930048122294753 0.6954087940711005
1 0.43870131819773733 0.6978043771816914 0.43245365510537737 0.6634422301737117 0.4413045111528872 0.6535500969441419 0.462130054794087 0.6733343634032817 0.47306346520571696 0.6827058580418216 0.4839968756173468 0.6925979912713914 0.4923270930738267 0.6931186298624215 0.49857475616618663 0.6863503281790315 0.4923270930738267 0.6759375563584317 0.48868262293661663 0.6577152056723818 0.46004750042996695 0.6342864690760321 0.4751460195698369 0.6233530586644023 0.4397425953797973 0.6358483848491221 0.42880918496816733 0.6358483848491221 0.4137106658282976 0.6426166865325119 0.4048598097807876 0.6509469039889919 0.4095455571000576 0.6936392684534515 0.4215202446937475 0.7040520402740513 0.4267266306040474 0.6993662929547813 0.4319330165143473 0.7024901245009613
1 0.5089875279867865 0.6197085885271922 0.4907651773007366 0.6426166865325119 0.5162764682612064 0.6368896620311821 0.5235654085356263 0.6389722163953021 0.5381432890844661 0.6587564828544419 0.5469941451319761 0.6733343634032817 0.552721169633306 0.6686486160840117 0.563654580044936 0.6681279774929817 0.5657371344090559 0.6556326513082618 0.5480354223140361 0.6264768902105822 0.5672990501821458 0.6191879499361622 0.5730260746834758 0.6129402868438023 0.5943722569157055 0.6296007217567622 0.6063469445093953 0.6389722163953021 0.6146771619658753 0.6389722163953021 0.6219661022402951 0.6238736972554322 0.6032231129632154 0.5983624062949624 0.6178009935120552 0.5884702730653927 0.6584108036123948 0.6014862378411424 0.6709061297971146 0.5931560203846625 0.6552869720662149 0.5764955854717028 0.636023344198105 0.5666034522421328 0.6198835478761754 0.5806606941999427 0.6302963196967751 0.5598351505587429 0.6053056673273354 0.5796194170178828 0.5990580042349753 0.5905528274295127 0.5891658710054056 0.5910734660205426 0.556365639770516 0.6072132623424724 0.551159253860216 0.6113783710707124 0.5376226504934362 0.6103370938886523
1 0.7417129781771937 0.46976467431055396 0.7432748939502839 0.48226000049527373 0.7375478694489539 0.4911108565427837 0.7219287117180541 0.49267277231587364 0.6984999751217044 0.4989204354082336 0.6818395402087445 0.5046474599095635 0.6646584667047548 0.5233904491866433 0.7011031680768544 0.5285968350969433 0.7078714697602443 0.5348444981893032 0.6995412523037643 0.5400508840996032 0.7021444452589143 0.5499430173291731 0.6938142278024344 0.553066848875353 0.6526837791110648 0.552025571693293 0.6453948388366448 0.555670041830503 0.641750368699435 0.5431747156457831 0.6573695264303349 0.5181840632763434 0.653204417702095 0.4989204354082336 0.6953761435755242 0.4744504216298238 0.7198461573539341 0.46716148135540403 0.732862122129684 0.46716148135540403
0 0.22324996661157182 0.6961846477852598 0.24535570848425528 0.7182903896579431 0.2766086538904629 0.7350602628027374 0.31167293410230557 0.7487810681030238 0.35817121873105345 0.76250187340331 0.40085816855416634 0.7693622760534532 0.4465941862217872 0.7739358778202152 0.5060510091896944 0.7800340135092314 0.5670323660798555 0.7800340135092314 0.6226778542421276 0.7800340135092314 0.6867082789767969 0.7785094795869774 0.7614104411672443 0.7746981447813422 0.8315390015909297 0.7731736108590881 0.8826108879864395 0.7686000090923261 0.9237733038872985 0.759452805558802 0.9458790457599818 0.7533546698697858 0.9687470545937922 0.7419206654528807 0.9550262492935062 0.6900865120962437 0.946641312721109 0.6557844988455279 0.9344450413430766 0.6169088838280502 0.9260601047706793 0.5826068705773346 0.9283469056540605 0.5330595181040786 0.9336827743819495 0.4926593691643468 0.9359695752653306 0.452259220224615 0.9382563761487117 0.40194960079023206 0.9268223717318065 0.41262133824601027 0.9054788968202501 0.4225308087406615 0.8810863540641856 0.43625161404094775 0.85440701042474 0.4461610845355989 0.8269653998241675 0.45302148718574203 0.7896143187289438 0.449972419341234 0.7575991063616092 0.42939121139080455 0.7095762878106072 0.46445549160264726 0.745402834983577 0.46979136033053637 0.7400669662556879 0.48961030131983874 0.7088140208494803 0.5467803234043649 0.6691761388708755 0.5993767437221289 0.6142929176697304 0.6382523587396067 0.5548360947018233 0.6725543719903223 0.49233020388940807 0.6954223808241327 0.4115299060099445 0.704569584357657 0.40085816855416634 0.650448630117639 0.3818014945259909 0.6557844988455279 0.3612202865755616 0.6695053041458143 0.3002389296854004 0.6679807702235601 0.2575519798622875 0.6870374442517355
3 0.18666115247747514 0.7647886742866912 0.2003819577777614 0.7823208143926124 0.23011036926171496 0.8029020223430419 0.27203505212370077 0.8227209633323443 0.32158240459695675 0.8387285695160116 0.38027696060373695 0.8509248408940437 0.40238270247642033 0.856260709621933 0.43211111396037394 0.855498442660806 0.5060510091896944 0.8608343113886948 0.5708437008854905 0.8608343113886948 0.6341118586590329 0.8593097774664409 0.6996668173159561 0.8547361756996789 0.7598859072449904 0.8509248408940437 0.8147691284461354 0.8486380400106627 0.8589806121915021 0.8478757730495358 0.9115770325092662 0.8448267052050276 0.946641312721109 0.8364417686326304 0.9626489189047761 0.8280568320602333 0.9733206563605543 0.8234832302934713 0.9809433259718244 0.7937548188095177 0.9786565250884435 0.7701245430145801 0.9756074572439356 0.7503056020252779 0.9672225206715381 0.7442074663362618 0.9649357197881571 0.7274375931914673 0.95655078321576 0.6931355799407517 0.9474035796822359 0.659595833651163 0.9367318422264578 0.6245315534393203 0.9252978378095523 0.5841314044995887 0.9283469056540605 0.5277236493761895 0.9329205074208226 0.4857989665142037 0.9382563761487117 0.45149695326348804 0.9397809100709656 0.4004250668679781 0.9230110369261714 0.41262133824601027 0.9054788968202501 0.4194817408961534 0.8620296800360101 0.42405534266291556 0.8193427302128974 0.42939121139080455 0.7911388526511979 0.42939121139080455 0.7621727081283712 0.42405534266291556 0.7263461609554017 0.450734686302361 0.698142283393702 0.4705536272916634 0.6524062657260812 0.49951977181449 0.6539307996483352 0.5193387128037924 0.6386854604257949 0.5521161921322539 0.6242023881643817 0.5627879295880323 0.6089570489418413 0.5726974000826833 0.595236243641555 0.5879427393052237 0.5594096964685853 0.6039503454888909 0.5525492938184422 0.6123352820612881 0.5357794206736479 0.6100484811779071 0.5030019413451863 0.6214824855948123 0.4740357968223597 0.6237692864781934 0.43820924964939 0.6359655578562257 0.4153412408155796 0.6413014265841147 0.4039072363986744 0.6481618292342578 0.36274482049781553 0.6695053041458143 0.3025257305687814 0.6695053041458143 0.25678971290116054 0.6862751772906086 0.22934810230058797 0.6938978469018786 0.2064800934667775 0.6992337156297679 0.19703550139828224 0.7055862187595108 0.1843743515940941 0.7396338645694996
