2 0.1235645047701865 0.7339397303698809 0.15961973203149432 0.7406476796277985 0.19651345295004183 0.7431631605995177 0.23340717386858936 0.7498711098574354 0.2837167933029723 0.7658024893449901 0.3415728556525127 0.7850878434615035 0.40529837360273113 0.8043731975780171 0.47321635983914817 0.821981564380051 0.5377803714466063 0.8286895136379687 0.6023443830540645 0.8295280072952085 0.6685853819760019 0.8177890960938524 0.7323108999262204 0.8035347039207772 0.7884899749612815 0.7876033244332227 0.8404765817101437 0.7674794766594695 0.8455075436535822 0.7473556288857162 0.8387995943956645 0.7255547937974837 0.848861518282541 0.7054309460237304 0.858084948512178 0.7238778064830043 0.8622774167983764 0.7440016542567573 0.858084948512178 0.7674794766594695 0.8471845309680616 0.7850878434615035 0.8320916451377467 0.8018577166062978 0.8128062910212333 0.8186275897510922 0.7985518988481581 0.8320434882669276 0.7675276335302886 0.8521673360406808 0.730633912611741 0.8689372091854753 0.7046406092373099 0.8865455759875092 0.6660699010042831 0.9033154491323034 0.6325301547146942 0.9033154491323034 0.627499192771256 0.8974459935316256 0.6082138386547424 0.8940920189026664 0.6015058893968248 0.9142158666764199 0.5226874856162914 0.9108618920474609 0.5218489919590517 0.9024769554750638 0.5117870680721751 0.8966074998743856 0.49669418224186024 0.9058309301040226 0.44051510720679926 0.8924150315881874 0.44051510720679926 0.8806761203868311 0.4304531833199227 0.8764836521006325 0.4245837277192446 0.8840300950157899 0.39439795605861483 0.878160639415112 0.3675661590269439 0.8748066647861531 0.3650506780552248 0.8672602218709956 0.35834272879730705 0.8546828170123999 0.3281569571366772 0.8588752852985987 0.2770088440450546 0.8714526901571944 0.26023897090026027 0.8672602218709956 0.25269252798510283 0.8538443233551601 0.210767845123117 0.8613907662703177 0.17722809883352833 0.8639062472420366 0.1579427447170149 0.8580367916413588 0.15039630180185745 0.848813361411722 0.1327879349998234 0.8530058296979205 0.10511764431091276 0.8387514375248455 0.09086325213783758 0.8228200580372907 0.0816398219082007 0.8043731975780171 0.08080132825096097 0.7825723624897845 0.07912434093648155 0.7683179703167091 0.10679463162539218 0.7465171352284766 0.09840969505299502 0.7188468445395659 0.09924818871023473 0.6911765538506554 0.10511764431091276 0.7138158825961276 0.1126640872260702 0.7238778064830043
1 0.3568593033149314 0.6137416411048346 0.36774538294555853 0.6227344894953528 0.4448945559800031 0.570197322582326 0.41081639365803985 0.637407031606198 0.42075585766861245 0.649713034666907 0.47139979334153004 0.6265209519755709 0.4643001761911211 0.6587058830574252 0.47565956363177553 0.6686453470679978 0.5187305743442568 0.6364604159861436 0.5092644181437115 0.6714851939281613 0.5182572665342295 0.6695919626880523 0.5267768071147204 0.6317273378858709 0.5547019679063291 0.6142149489148621 0.5485489663759747 0.6075886395744803 0.47849941049193917 0.6511329580969888 0.48275918078218455 0.6198946426351892 0.4751862558217482 0.6085352551945349 0.42264908890872155 0.6303074144557891 0.44962763408027584 0.5839232490731169 0.45909379028082115 0.5654642444820535 0.45057424970033033 0.5583646273316444 0.42596224357891244 0.5716172460124079 0.39519723592714007 0.5886563271733896 0.37768484695613114 0.601908945854153
1 0.44201804523392313 0.5426167204102611 0.4523447610890635 0.5503617573016164 0.45148420143446844 0.5563856748837815 0.4570778391893362 0.5662821109116245 0.46783483487177413 0.5658518310843269 0.48289462882718726 0.5753179872848723 0.4764404314177244 0.6041467357138058 0.4871974271001623 0.6144734515689462 0.5104325377742283 0.596831978649748 0.5233409325931536 0.609310093641376 0.5181775746655835 0.6248001674240866 0.5267831712115337 0.6312543648335494 0.5448549239580295 0.6187762498419214 0.5556119196404673 0.6144734515689462 0.5513091213674922 0.6097403734686735 0.5457154836126246 0.6080192541594834 0.5362493274120791 0.6062981348502934 0.5349584879301866 0.5981228181316406 0.5297951300026164 0.5946805795132605 0.5207592536293685 0.594250299685963 0.5164564553563934 0.5869355426219053 0.5091416982923357 0.5856447031400127 0.48977910606394737 0.596831978649748 0.493651624509625 0.5718757486664922 0.48977910606394737 0.5649912714297319 0.4841854683090797 0.5645609916024344 0.47730099107231944 0.5675729503935171 0.4742890322812368 0.5572462345383766 0.46869539452636916 0.554234275747294 0.46353203659879894 0.552513156438104 0.4631017567715014 0.5464892388559387 0.4592292383258238 0.540895601101071 0.45148420143446844 0.5391744817918809 0.44244832506122067 0.5383139221372859
0 0.11639538400078685 0.7315080987638857 0.13668693050598799 0.736119813878704 0.17265830840157181 0.7416538720164862 0.20586265722826458 0.7444209010853773 0.24921277930755792 0.7554890173609415 0.30639804673130655 0.7739358778202152 0.36911737229283736 0.7960721103713437 0.4272249827395497 0.8117519417617265 0.47518681993366146 0.8237424010602544 0.5342167734033375 0.8292764591980366 0.597858441987832 0.8274317731521091 0.6605777675493627 0.819130685945436 0.7214524070649663 0.8089849126928353 0.7795600175116785 0.7905380522335617 0.8385899709813545 0.7702465057283606 0.8441240291191366 0.7444209010853773 0.8404346570272818 0.7241293545801761 0.8441240291191366 0.7019931220290476 0.8238324826139355 0.6881579766845922 0.7915504768102065 0.6780122034319916 0.7269864652027482 0.671555802271246 0.6707235408019634 0.662332372041609 0.6282957617456336 0.6549536278578995 0.5794115815285582 0.6318950522838074 0.5314497443344465 0.6826239185468101 0.4631963606351335 0.6604876859956816 0.41431218041805806 0.644807854605299 0.3580492560172731 0.6152928778704609 0.4475165292447508 0.5525735523089301 0.4336813839002955 0.5341266918496564 0.36727268624691 0.4815531395407262 0.3211555350987256 0.42713490118586867 0.2888735292949965 0.4575722209436704 0.29625227347870603 0.46864033721923465 0.2888735292949965 0.48063079651776247 0.2824171281342507 0.5036893720918547 0.2824171281342507 0.5212138895281648 0.29625227347870603 0.5424277790563296 0.3193108490527982 0.5700980697452402 0.32761193625947144 0.5903896162504414 0.323000221144653 0.603302418571933 0.28426181418017804 0.6106811627556424 0.24736809326163056 0.6097588197326789 0.2049403142053009 0.6023800755489693 0.17727002351639023 0.5894672732274776 0.15605613398822543 0.5581076104467123 0.13668693050598799 0.5304373197578016 0.12192944213856897 0.520291546505201 0.12100709911560528 0.5608746395156033 0.11731772702375054 0.5867002441585866 0.10256023865633153 0.6567983139038269 0.10809429679411368 0.6687887732023549 0.10071555261040416 0.6844686045927376 0.10071555261040416 0.7019931220290476 0.10717195377114998 0.7185952964423941
3 0.25013512233052165 0.8514126917491651 0.25659152349126746 0.866170180116584 0.281494785111287 0.8707818952314025 0.3543598839254184 0.8468009766343466 0.3580492560172731 0.8597137789558382 0.36542800020098265 0.87262658127733 0.38571954670618375 0.8753936103462209 0.4032440641424938 0.8790829824380758 0.4244579536706585 0.8855393835988216 0.4318366978543681 0.878160639415112 0.43737075599215025 0.878160639415112 0.4401377850610413 0.8919957847595671 0.4631963606351335 0.9021415580121678 0.4945560234158989 0.9085979591729137 0.5019347675996084 0.9021415580121678 0.5130028838751727 0.8984521859203132 0.5213039710818459 0.9104426452188412 0.5637317501381754 0.9159767033566233 0.5997031280337594 0.9122873312647684 0.6246063896537789 0.8597137789558382 0.6384415349982342 0.863403151047693 0.6255287326767426 0.8984521859203132 0.6292181047685974 0.9085979591729137 0.6725682268478905 0.9012192149892041 0.7076172617205109 0.8827723545299304 0.7140736628812566 0.871704238254366 0.7269864652027482 0.863403151047693 0.7297534942716394 0.8707818952314025 0.7721812733279692 0.8523350347721287 0.8035409361087343 0.8255870871061818 0.8265995116828264 0.8052955406009806 0.8505804302798825 0.7757805638661427 0.8588815174865556 0.7591783894527963 0.8607262035324831 0.7342751278327768 0.8542698023717371 0.7121388952816481 0.828444197728754 0.6909250057534834 0.7952398489020611 0.6780122034319916 0.7454333256620219 0.6724781452942097 0.6910150873071644 0.6660217441334637 0.650431994296762 0.6586429999497543 0.6107712443093236 0.6494195697201174 0.5821786105974494 0.6291280232149162 0.5674211222300303 0.6152928778704609 0.5578561523037199 0.6137130323455733 0.5509264526571107 0.6099331961746955 0.5395869441444774 0.6086732507844029 0.5358071079735995 0.600483605747501 0.5313972991075755 0.5941838787960382 0.5200577905949423 0.5922939607105994 0.513128090948333 0.5878841518445753 0.47532972923955547 0.5633152167338698 0.4324915859696075 0.5305566365862626 0.388393497309367 0.49464819296292384 0.36697442567439303 0.47637898480368146 0.34052473858096305 0.4409700465303241 0.3313013083513261 0.43820301746143303 0.3165438199839072 0.423445529094014 0.2879511862720328 0.4584945639666341 0.2980969595246334 0.46956268024219844 0.2916405583638875 0.479708453494799 0.2824171281342507 0.49815531395407275 0.2824171281342507 0.5175245174363101 0.2907182153409239 0.5396607499874387 0.30178633161648816 0.5507288662630029 0.27042666883572275 0.5507288662630029 0.24644575023866686 0.5498065232400392 0.22799888977939312 0.5387384069644751 0.20309562815937354 0.5202915465052013 0.18003705258528135 0.509223430229637 0.15421144794229807 0.5110681162755644 0.1293081863222785 0.5129128023214917 0.121929442138569 0.5258256046429833 0.121929442138569 0.5507288662630029 0.12008475609264162 0.5793214999748773 0.11086132586300473 0.6143705348474974 0.10348258167929526 0.6586429999497544 0.10717195377115 0.6687887732023551 0.10348258167929526 0.6826239185468104 0.09610383749558574 0.701070779006084 0.09702618051854943 0.7204399824883214 0.10624961074818633 0.7471879301542684 0.08872509331187624 0.7591783894527964 0.07950166308223935 0.7684018196824334 0.07950166308223935 0.796072110371344 0.08595806424298517 0.8218977150143272 0.1302305293452422 0.8523350347721289 0.14867738980451595 0.8458786336113829 0.1532891049193344 0.8541797208180563 0.17081362235564446 0.8661701801165842
2 0.17576073493335886 0.39518829284503537 0.17659922859059857 0.41447364696154887 0.18246868419127657 0.43543598839254183 0.20343102562226945 0.4631062790814524 0.2352937845973787 0.488261088798644 0.2705105182014468 0.5050309619434383 0.2780569611166042 0.5075464429151575 0.28308792306004255 0.484907114169685 0.296503821575878 0.4698142283393702 0.2872803913462411 0.4580753171380142 0.29398834060415885 0.4513673678800964 0.2562561260283716 0.4396284566787404 0.22271637973878294 0.43124352010634326 0.19588458270711204 0.42034310256222696 0.18582265882023546 0.4127966596470694 0.18498416516299573 0.37171047044232336 0.178276215905078 0.38009540701472055
2 0.3602293395260964 0.4622677854242127 0.3929305921584454 0.46478326639593187 0.4465941862217872 0.4605907981097333 0.5078042232002864 0.45388284885181557 0.5690142601787858 0.44298243130769926 0.6293858035000454 0.42621255816290493 0.6822109039061475 0.4127966596470694 0.7316820296832909 0.39686528015951483 0.7777991808314753 0.3884803435871177 0.8297857875803376 0.38596486261539853 0.8624870402126865 0.37757992604300133 0.8775799260430014 0.3616485465554467 0.8859648626153985 0.34068620512445386 0.8918343182160764 0.34068620512445386 0.8909958245588367 0.3557790909547688 0.8809339006719603 0.3985422674739943 0.9044117230746722 0.41447364696154887 0.9102811786753502 0.43627448204978153 0.91111967233259 0.4580753171380142 0.8918343182160764 0.4823916331979659 0.8641640275271659 0.49413054439932197 0.8448786734106524 0.5 0.8356552431810155 0.4907765697703631 0.8272703066086184 0.4907765697703631 0.8214008510079404 0.505869455600678 0.7710912315735574 0.5083849365723971 0.7409054599129277 0.5050309619434383 0.7224585994536539 0.4974845190282808 0.7174276375102155 0.5041924682861986 0.709881194595058 0.5134158985158355 0.6889188531640652 0.5125774048585957 0.6620870561323943 0.505869455600678 0.6201623732704085 0.4907765697703631 0.6151314113269702 0.5016769873144794 0.6092619557262922 0.5109004175441163 0.5765607030939432 0.5109004175441163 0.5555983616629503 0.5150928858303149 0.5279280709740397 0.5276702906889106 0.5052887422285672 0.5343782399468283 0.47929543885413606 0.5394092018902666 0.4725874895962184 0.5310242653178695 0.4608485783948624 0.5327012526323489 0.43988623696386947 0.5352167336040681 0.38370716192880844 0.4899380761131234
0 0.19085362076367374 0.4195046089049872 0.23277830362565957 0.43459749473530207 0.2923113532896794 0.4454979122794184 0.3199816439785901 0.4195046089049872 0.35771385855437726 0.45975230445249354 0.399638541416363 0.4622677854242127 0.4574946037659035 0.45975230445249354 0.5145121724582042 0.4505288742228567 0.5765607030939432 0.4387899630215007 0.6478326639593192 0.42034310256222696 0.7040117389943802 0.405250216731912 0.7551598520860029 0.39351130553055597 0.7945690539762694 0.387641849929878 0.8465556607251318 0.38177239432919996 0.8675180021561247 0.3733874577568027 0.8842878753009191 0.3557790909547688 0.8876418499298779 0.33984771146721415 0.8809339006719603 0.3180468763789815 0.8826108879864395 0.30966193980658435 0.8725489640995631 0.26773725694459855 0.8675180021561247 0.23168202968329077 0.8650025211844056 0.20317324533714035 0.8650025211844056 0.18891885316406523 0.8524251163258099 0.1981422833937021 0.8381707241527345 0.20568872630885957 0.8222393446651801 0.219104624824695 0.8096619398065844 0.23252052334053047 0.7979230286052282 0.24258244722740707 0.7744452062025162 0.24845190282808505 0.7358744979694893 0.2559983457432425 0.6973037897364623 0.25851382671496165 0.6587330815034355 0.2509673837998042 0.6360937527579631 0.24845190282808505 0.621839360584888 0.24509792819912624 0.6134544240124907 0.23838997894120847 0.6444786893303602 0.23335901699777017 0.6453171829876 0.1964652960792227 0.6553791068744765 0.1604100688179149 0.6646025371041133 0.14447868933036026 0.6646025371041133 0.11848538595592908 0.6545406132172369 0.11848538595592908 0.6235163478993674 0.1453171829876 0.589138107952539 0.1679565117330723 0.5841071460091006 0.18472638487786663 0.5757222094367035 0.19562680242198294 0.5539213743484709 0.22665106773985247 0.595007563553217 0.2543213584287631 0.6033925001256142 0.2635447886584 0.5497289060622723 0.2945690539762695 0.506127235885807 0.3155313954072623 0.45246364182246523 0.3364937368382553 0.426470338448034 0.29876152226246805 0.40466950335980145 0.3121774207783035 0.37867619998537017 0.3239163319796595 0.33926699809510347 0.3339782558665361 0.3090812264344738 0.34068620512445386 0.2713490118586865 0.3440401797534128 0.23864775922633757 0.3499096353540907 0.21181596219466667 0.354940597297529 0.19001512710643403 0.3700334831278439 0.18498416516299573 0.39099582455883686 0.18246868419127657 0.4102811786753503
1 0.5341395352914627 0.21903436304306523 0.5787321719386599 0.2428953352841093 0.5916405667575853 0.25384791270622786 0.5810791528148281 0.2585418744585644 0.5693442484339868 0.2507186048713369 0.5290544100597648 0.2745795771123809 0.5470479301103882 0.28866146236939055 0.5439186222754973 0.29570240499789535 0.5224046309106214 0.280838192782163 0.4938496969172409 0.29335542412172705 0.5008906395457456 0.3027433476264001 0.5071492552155277 0.3101754537342663 0.5032376204219139 0.316042905924687 0.49502318735532497 0.316042905924687 0.48289711949512226 0.3019610206676774 0.4531686950636575 0.3168252328834097 0.4566891663779099 0.3281689737848897 0.45512451246046437 0.3328629355372261 0.4496482237494051 0.3324717720578649 0.4285253958638907 0.29883171283278637 0.43439284805431133 0.28748797193130643 0.44534542547642997 0.2820116832202471 0.45121287766685064 0.2835763371376926 0.45629800289854855 0.2734060866742968 0.4602096376921623 0.2714502692774899 0.46529476292386024 0.27262375971557407 0.4656859264032216 0.2675386344838761 0.47702966730470153 0.26010652837600995 0.48289711949512226 0.2620623457728168 0.48485293689192915 0.25971536489664854 0.4860264273300132 0.2522832587887824 0.49111155256171124 0.24915395095389137 0.49658784127277045 0.24915395095389137 0.4989348221489387 0.24133068136666377 0.5024552934631911 0.23976602744921827 0.5145813613233938 0.23976602744921827 0.5259251022248739 0.231160430903268 0.5247516117867898 0.22607530567157005 0.527098592662958 0.22020785348114935
3 0.18168736055612134 0.43543598839254183 0.19845723370091567 0.4552549293818442 0.22361204341810714 0.4796474721379086 0.24266871744628254 0.4941305443993219 0.26553672628009295 0.5078513496996082 0.28078206550263324 0.5048022818551001 0.28611793423052234 0.4834588069435437 0.2960274047251736 0.4682134677210035 0.2884047351139034 0.45601719634297117 0.31813314659785696 0.42247745005338255 0.370729566915621 0.4773606712545276 0.423325987233385 0.5238589558832755 0.43780905949479826 0.5352929603001807 0.4568657335229736 0.5352929603001807 0.4576280004841007 0.5291948246111646 0.472111072745514 0.5284325576500376 0.477446941473403 0.5383420281446888 0.5071753529573566 0.5352929603001807 0.5346169635579292 0.5261457567666565 0.5391905653246912 0.5139494853886243 0.5445264340525804 0.5116626845052432 0.5475755018970884 0.5154740193108783 0.5666321759252637 0.5131872184274974 0.5879756508368204 0.5116626845052432 0.6077945918261226 0.5124249514663702 0.6108436596706307 0.5048022818551001 0.6184663292819007 0.5009909470494651 0.62380219800979 0.49489281136044894 0.6596287451827595 0.5055645488162273 0.6893571566667132 0.5109004175441162 0.7122251655005235 0.5109004175441162 0.7228969029563019 0.5009909470494651 0.7518630474791282 0.5086136166607352 0.78464052680759 0.5116626845052432 0.8166557391749248 0.5109004175441162 0.828852010552957 0.502515480971719 0.841810548892116 0.5032777479328461 0.8700144264538155 0.493368277438195 0.8944069692098802 0.48193427302128966 0.9081277745101665 0.46897573468213044 0.9111768423546746 0.4598285311486062 0.9119391093158016 0.43924732319817694 0.9104145753935475 0.42628878485901756 0.8997428379377693 0.41485478044211244 0.8814484308707209 0.40265850906408013 0.8890711004819911 0.3744546315023806 0.8928824352876261 0.3485375548240621 0.8867842995986099 0.34015261825166493 0.8806861639095939 0.3104242067677114 0.8738257612594507 0.27535992655586866 0.8707766934149427 0.25172965076093123 0.8662030916481807 0.22428804016035866 0.8662030916481807 0.1930350947541511 0.8532445533090213 0.18083882337611887 0.8296142775140839 0.17931428945386482 0.8136066713304166 0.18236335729837289 0.7983613321078764 0.19151056083189708 0.786927327690971 0.2075181670155644 0.7716819884684307 0.22352577319923167 0.7442403778678581 0.23191070977162886 0.7091760976560155 0.2357220445772639 0.6802099531331891 0.23648431153839092 0.6504815416492354 0.23191070977162886 0.6443834059602193 0.20523136613218335 0.6512438086103625 0.18083882337611887 0.6619155460661407 0.1564462806200544 0.6680136817551567 0.13434053874737095 0.6649646139106486 0.1206197334470847 0.6581042112605056 0.11757066560257662 0.6443834059602193 0.12290653433046572 0.628375799776552 0.13891414051413303 0.6169417953596467 0.1511104118921653 0.6093191257483767 0.15187267885329228 0.6024587230982335 0.1579708145423084 0.5917869856424552 0.1633066832701975 0.5879756508368204 0.17092935288146768 0.5849265829923121 0.18465015818175393 0.578828447303296 0.19151056083189708 0.5597717732751206 0.21437856966570754 0.5369037644413103 0.2197144383935966 0.5300433617911671 0.22047670535472366 0.524707493063278 0.2303861758493748 0.5155602895297539 0.23953337938289898 0.5010772172683405 0.23953337938289898 0.49574134854045143 0.2486805829164232 0.4858318780458002 0.2540164516443123 0.4835450771624191 0.2616391212555824 0.47516014059002193 0.25935232037220135 0.46677520401762485 0.26621272302234456 0.46296386921198973 0.2715485917502336 0.4507675978339576 0.2806957952837578 0.43094865684465516 0.28908073185615496 0.42637505507789314 0.29975246931193317 0.40960518193309875 0.3104242067677114 0.38216357133252626 0.31957141030123554 0.34176342239279445 0.3302431477570138 0.3013632734530627 0.33862808432941094 0.26020085755220385 0.34472622001842707 0.22971017910712327 0.34929982178518915 0.2083667041955669 0.3553979574742052 0.18854776320626448 0.36988102973561854 0.17787602575048628 0.38131503415252366 0.17254015702259715 0.40189624210295316 0.17711375878935925 0.42247745005338255
