2 0.10546458252837235 0.4355198377582657 0.1213708574154108 0.4604230993782853 0.14257922393146208 0.47425824472274064 0.17350809176737017 0.4880933900671959 0.21769218867581036 0.49639447727386915 0.2760151965949513 0.5000838493657239 0.3396402961431051 0.5010061923886875 0.4085674873202717 0.490860419136087 0.48809886175546396 0.4733359016997769 0.550840279365449 0.45212201217161213 0.6126980150372652 0.43275280868937466 0.6657189313273933 0.4189176633449193 0.7054846185449893 0.4124612621841736 0.7532034432061048 0.3977037738167546 0.7982712220527136 0.3801792563804445 0.8159448608160897 0.3598877098752434 0.8212469524451026 0.3764898842885897 0.8185959066305962 0.4050825180004641 0.815061178877921 0.44013155287308403 0.8026896317435578 0.45857841333235777 0.775295491660325 0.4705688726308858 0.7028335727304831 0.48993807611312334 0.6427432009350045 0.5019285354116513 0.5914896485212139 0.5120743086642519 0.5428871419219298 0.5240647679627798 0.4819130881882823 0.5397445993531624 0.4235900802691413 0.5517350586516904 0.3661507542881692 0.5581914598124362 0.3069440644308594 0.5572691167894726 0.2601089217079129 0.5563467737665089 0.2079716873559535 0.547123343536872 0.1558344530039941 0.5323658551694529 0.1213708574154108 0.5120743086642519 0.10192985477569713 0.47886995983755903
1 0.30974309107151066 0.2750560506358282 0.33169096939996073 0.3466438569024524 0.3426649085641857 0.36038871570564424 0.35693102947767824 0.36668844265710715 0.36296669601800213 0.36038871570564424 0.3618693021015795 0.3472165593525854 0.34156751464776325 0.29395523149021696 0.4112520283405922 0.3437803446517874 0.4222259675048171 0.33289899809926055 0.3783302108479171 0.2773468604363602 0.3777815138897058 0.26131119183263635 0.3865606652210859 0.2578749771318384 0.40192418005100095 0.2630292991830353 0.4024728770092122 0.30540928049287686 0.4233233614212398 0.29395523149021696 0.42442075533766216 0.2733379432854292 0.45185560324822477 0.291091719239552 0.46447563328708363 0.3059819829430099 0.47709566332594233 0.31457251969500477 0.48368002682447736 0.31170900744433977 0.48532611769911116 0.3019730657920789 0.4858748146573224 0.29395523149021696 0.4765469663677311 0.28135577758729113 0.4666704211199286 0.27104713348489723 0.43978427016757726 0.2475663330294445 0.452404300206436 0.24413011832864653 0.5001409355708148 0.27276524083529624 0.5171505412753636 0.2767741579862272 0.5259296926067437 0.26016578693237036 0.50233572340366 0.24241201097824758 0.5209914199828425 0.23153066442572065 0.5325140561052787 0.22866715217505568 0.5742150249293339 0.2567295722315724 0.5906759336756714 0.24241201097824758 0.5687280553472214 0.2223674252235927 0.5621436918486864 0.18456906351481522 0.6115264180876989 0.1822782537142832 0.6071368424220089 0.16280637040976143 0.5725689340547001 0.15249772630736755 0.576409812762179 0.1456252969057716 0.6104290241712764 0.15135232140710153 0.6241464481265578 0.14276178465510664 0.6192081755026565 0.1272988185015158 0.5868350549681927 0.11355395969832398 0.5451340861441375 0.07747370533994537 0.539647116562025 0.10209991069566408 0.5489749648516163 0.10954504254739302 0.5434879952695038 0.12558071115111683 0.5390984196038138 0.11240855479805799 0.5270270865231663 0.13818016505404268 0.5045305112365049 0.16280637040976143 0.4946539659887025 0.1731150145121553 0.4902643903230125 0.19029608801614512 0.4743521785348861 0.201750137018805 0.4749008754930974 0.18685987331534715 0.4540503910810698 0.19945932721827306 0.454599088039281 0.2137768884715979 0.432651209710831 0.23897579627744958 0.4403329671257885 0.2137768884715979 0.41893378575554974 0.21835850807266183 0.4090572405077472 0.2378303913771836 0.3898528469703534 0.2487117379297105 0.3777815138897058 0.2550114648811734 0.3788789078061284 0.2384030938273166 0.35967451426873454 0.2504298452801095 0.35254145381198826 0.2693290261344983 0.3366292420238619 0.2767741579862272 0.32949618156711563 0.2607384893825033
0 0.11233320122959353 0.449690380565617 0.1316135344260038 0.46897573468213044 0.16294407587017046 0.4857456078269247 0.211144908861196 0.49413054439932197 0.26014908906873874 0.4983230126855206 0.3187934358744866 0.5 0.3902913381445079 0.4941305443993221 0.4465256433007044 0.4857456078269247 0.4987432123743155 0.4714912156538496 0.5501574342314095 0.4505288742228567 0.6015716560885035 0.43627448204978153 0.6473624474299777 0.42285858353394606 0.6915465443384179 0.4136351533043092 0.7228770857825846 0.40441172307467227 0.7614377521754051 0.39518829284503537 0.7911615991865375 0.3851263689581588 0.8152620156820503 0.3616485465554468 0.8184754045481186 0.3214008510079404 0.8192787517646357 0.2954075476335092 0.8281155711463238 0.26186780134392057 0.821688793414187 0.23838997894120847 0.812851974032499 0.22078161213917447 0.8088352379499135 0.19478830876474323 0.804818501867328 0.16627952441859287 0.7967850297021571 0.1419632083586411 0.7839314742378837 0.15454061321723686 0.7630444466084393 0.14950965127379853 0.7100235303183111 0.12100086692764819 0.683513072173247 0.09836153818217587 0.6570026140281829 0.06062932360638864 0.6433457113473922 0.050567399719512046 0.6160319059858111 0.06062932360638864 0.5959482255728838 0.048051918747792896 0.5782745868095077 0.04469794411883403 0.5638143369122001 0.05140589337675176 0.5557808647470291 0.07069124749326523 0.5798812812425419 0.11177743669801131 0.6184419476353624 0.12435484155660706 0.6248687253674992 0.14028622104416166 0.6079984338206402 0.1729874736765106 0.580684628459059 0.25432135842876313 0.5180235455707257 0.27192972523079717 0.4818729208274565 0.3121774207783035 0.4192118379391232 0.34152469878169356 0.3493206301021361 0.36919498947060425 0.330843644122243 0.3482326480396113 0.3155800470084182 0.2962460412907489 0.26818256123390966 0.31888537003622125 0.2312285892741234 0.3364937368382553 0.18865118679871742 0.35074812901133046 0.1541072564884824 0.36667950849888503 0.13241688164252088 0.3884803435871177 0.11634993731217902 0.4127966596470695 0.10992315958004224 0.43208201376358296
3 0.13663445452923562 0.522968494020411 0.17993486949950696 0.5432600405256122 0.24621101486216715 0.5552504998241401 0.3177892518538402 0.5561728428471039 0.3973206262890324 0.5534058137782127 0.47596831878605594 0.5423376975026485 0.5448955099632226 0.522968494020411 0.60586956369687 0.5091333486759557 0.6597741619251668 0.49806523240039147 0.7269339892259958 0.48607477310186353 0.785256997145137 0.4667055696196261 0.8038143178466818 0.4556374533440618 0.8144185011047074 0.44364699404553387 0.8179532288573825 0.4085979591729137 0.8197205927337201 0.378160639415112 0.8135348191665386 0.3587914359328746 0.8188369107955515 0.348645662680274 0.8179532288573825 0.30345085455505333 0.8188369107955515 0.28592633711874327 0.829441094053577 0.26010073247576 0.8232553204863953 0.23704215690166777 0.8144185011047074 0.20476015109793871 0.806465363661188 0.18539094761570127 0.8029306359085129 0.15864299994975434 0.7958611804031626 0.14204082553640796 0.7879080429596432 0.13373973832973474 0.7587465390000729 0.12728333716898893 0.726050307287827 0.11805990693935203 0.6968888033282566 0.10238007554896936 0.6756804368122054 0.08946727322747773 0.6650762535541798 0.07194275579116766 0.6509373425434788 0.05534058137782127 0.641216841223622 0.048884180217075454 0.6111716553258827 0.05626292440078496 0.5908469707480003 0.045194808125220705 0.5669875584174426 0.0461171511481844 0.5563833751594169 0.06548635463042185 0.5457791919013913 0.07839915695191348 0.5404771002723785 0.10514710461786042 0.5334076447670281 0.11805990693935203 0.5254545073235088 0.1374291104215895 0.506897186621964 0.1614100290186454 0.4750846368478871 0.18539094761570127 0.44327208707381016 0.21398358132757558 0.4167616289287461 0.2195176394653577 0.3929022165981884 0.2241293545801762 0.37699594171115 0.23704215690166777 0.35843862100960505 0.25087730224612315 0.33811393643172266 0.26010073247576 0.30983611441032094 0.274858220843179 0.2974645672759577 0.3062178836239444 0.2585825619965304 0.32466474408321816 0.21970055671710306 0.34034457547360086 0.18258591531401336 0.35510206384101983 0.15165704747810524 0.3689372091854752 0.12956499902388519 0.39015109871364007 0.11630976995135313 0.4122873312647685 0.11542608801318434 0.4252001335862602 0.1030545408788211 0.44272465102257014 0.09863613118797708 0.4750066568262993 0.11719345188952193 0.505443976584101
2 0.26255913071829007 0.9320820137635829 0.2617557835017729 0.9488518869083774 0.2818394639147003 0.9958075317138015 0.3420905051534822 0.9983230126855206 0.443312254434636 0.934597494735302 0.5445340037157897 0.870033483127844 0.6425423641308751 0.8071464588348652 0.7325172523807896 0.7467749155136058 0.8160653628985673 0.6855648785351065 0.8481992515592512 0.6612485624751546 0.8939900429007256 0.6251933352138468 0.9196971538292723 0.600877019153895 0.9293373204274777 0.5849456396663405 0.9309440148605117 0.5664987792070667 0.9253205843448921 0.5555983616629504 0.9044335567154478 0.5346360202319574 0.898006778983311 0.5354745138891971 0.8618561542400416 0.5673372728643065 0.8088352379499136 0.6033925001256142 0.752600932793717 0.6386092337296824 0.7019900581531401 0.6729874736765108 0.6521825307290803 0.7040117389943802 0.5863080589746787 0.7434209408846467 0.5196302400037599 0.7786376744887149 0.4417055600016018 0.8230778383224198 0.3734210465976489 0.860810052898207 0.3131700053588669 0.8993807611312341
1 0.6489494860415226 0.5426923644644596 0.6554340864567465 0.5567496064222694 0.6594246097891918 0.5609147151505094 0.6743890722858623 0.5614353537415394 0.6698997335368614 0.5385272557362196
1 0.5945786056369531 0.5510225819209396 0.5935809748038418 0.5603940765594794 0.5945786056369531 0.5645591852877194 0.59956675980251 0.5734100413352292 0.6155288531322918 0.5728894027441993 0.6200181918812929 0.5489400275568195
1 0.5327254939840483 0.5833021745647992 0.541205356065495 0.5869466447020091 0.5566686339787211 0.5843434517468592 0.5551721877290541 0.5708068483800793 0.5591627110614995 0.5603940765594794 0.5456946948144961 0.5609147151505094 0.5357183864833824 0.5671623782428693
1 0.4898273681602597 0.5770545114724392 0.4953143377423721 0.5848640903378891 0.5082835385728199 0.5848640903378891 0.5177610314873778 0.5656004624697794 0.5072859077397085 0.5598734379684495 0.4953143377423721 0.5640385466966893
1 0.4668818589986982 0.5661211010608093 0.4574043660841402 0.5723687641531692 0.45590791983447315 0.5838228131558291 0.4539126581682504 0.594235584976429 0.44493398067024814 0.601003886659819 0.4339600415060231 0.6020451638418789 0.432463595256356 0.5806989816096492 0.42797425650735493 0.5671623782428693 0.3930571773484571 0.5760132342903793 0.3830808690173434 0.5682036554249292 0.38457731526701044 0.5588321607863894 0.40452993192923775 0.5546670520581495 0.4219884715086867 0.5593527993774194 0.4339600415060231 0.5572702450132995 0.4489245040026936 0.5593527993774194 0.4499221348358049 0.5635179081056594
0 0.2627051938485658 0.934597494735302 0.29805247137531793 0.9094426850181105 0.35268008209848034 0.8750644450712821 0.410521081687711 0.8415246987816934 0.48121563674121526 0.7996000159197078 0.5414666779799973 0.7652217759728793 0.6025210664352965 0.7333590169977701 0.6579520243749759 0.7023347516799006 0.7125796350981382 0.6662795244185928 0.7712239819038861 0.6277088161855658 0.8226382037609801 0.5933305762387374 0.8636089118033518 0.5639832982353474 0.8885126755153817 0.5488904124050324 0.8957428004640354 0.5337975265747176 0.8732490784015569 0.5203816280588821 0.8595921757207664 0.5128351851437246 0.8443285786069415 0.511996691486485 0.8089813010801893 0.5220586153733615 0.7591737736561296 0.5346360202319573 0.727843232211963 0.5430209568043545 0.6932993019017278 0.5488904124050324 0.6700022326227323 0.5430209568043545 0.6740189687053177 0.5589523362919091 0.6081444969509161 0.5748837157794636 0.5462867612790998 0.5874611206380594 0.49969262272110837 0.5857841333235799 0.4346214981832239 0.603392500125614 0.38481397075916407 0.5664987792070665 0.38160058189309565 0.5564368553201899 0.3550901237480316 0.5564368553201899 0.32938301281948446 0.5564368553201899 0.2924290408596983 0.5564368553201899 0.2522616800338435 0.6134544240124907 0.23940812456957006 0.6386092337296821 0.22414452745574528 0.6612485624751545 0.20807758312540345 0.6830493975633871 0.19361733322809574 0.6973037897364622 0.2016508053932667 0.7400669662556878 0.19683072209416413 0.7559983457432424 0.20888093034192054 0.7886995983755913 0.2032574998263009 0.7970845349479885 0.2120943192079889 0.8230778383224198 0.20968427755843763 0.8281088002658581 0.21530770807405727 0.839847711467214 0.22735791632181368 0.8650025211844056 0.24342486065215552 0.8960267865022751
3 0.2884123047771128 0.5589523362919091 0.2699353187972196 0.5832686523518609 0.25467172168339486 0.6109389430407715 0.23940812456957006 0.6369322464152027 0.22896461075484786 0.6578945878461956 0.20727423590888633 0.6830493975633871 0.19442068044461283 0.6998192707081814 0.2016508053932667 0.742582447227407 0.19763406931068123 0.7559983457432424 0.20888093034192054 0.7895380920328311 0.20486419425933508 0.7954075476335091 0.21450436085754018 0.8214008510079404 0.20968427755843763 0.8272703066086183 0.21289766642450603 0.8390092178099742 0.221734485806194 0.8541021036402893 0.2353913884869846 0.8792569133574808 0.2450315550851897 0.899380761131234 0.25145833281732644 0.9195046089049871 0.2627051938485658 0.9371129757070213 0.2602951521990145 0.9496903805656168 0.2715420132302538 0.976522177597288 0.2827888742614932 0.9983230126855205 0.3358097905516213 0.9991615063427602 0.40007756787298876 0.9605907981097332 0.5012993171541426 0.8985422674739941 0.5968976359196768 0.8373322304954948 0.6667888437566638 0.7903765856900707 0.735876704377134 0.7467749155136054 0.8186214676783945 0.6830493975633871 0.8812825505667277 0.636093752757963 0.91662982809348 0.6050694874400935 0.9310900779907876 0.5790761840656623 0.9302867307742705 0.5664987792070665 0.9246633002586507 0.5555983616629502 0.9045796198457235 0.5354745138891971 0.8925294115979671 0.5329590329174779 0.8836925922162792 0.5237356026878409 0.8676256478859373 0.5153506661154438 0.8531653979886297 0.5094812105147658 0.8338850647922194 0.514512172458204 0.7840775373681594 0.5304435519457588 0.7415001348927537 0.5405054758326353 0.6957093435512792 0.5497289060622722 0.6836591353035228 0.5430209568043545 0.6700022326227323 0.5421824631471148 0.6041277608683306 0.550567399719512 0.5551235806607878 0.5581138426346693 0.5093327893193135 0.5631448045781077 0.453901831379634 0.5623063109208679 0.4113244289042281 0.5539213743484708 0.3647302903462367 0.5581138426346693 0.3213495406543136 0.5572753489774297
