2 0.18920478156678114 0.6173009158362398 0.20221221778656365 0.6229706700925565 0.22100073677069396 0.6311603151294582 0.25351932732015026 0.634940151300336 0.3019358954715629 0.6374600420809211 0.3546882756962364 0.6406099055566528 0.38359368951797534 0.6424998236420916 0.42478390421395334 0.6481695778984081 0.47175520167427903 0.6550992775450175 0.5107775103336266 0.6601390591061878 0.5490771836474306 0.6664387860576507 0.5823184095424303 0.6689586768382358 0.63218024838493 0.6676987314479433 0.6936042527561251 0.6613990044964804 0.7535829864362333 0.6532093594595786 0.7947732011322113 0.6469096325081156 0.8215107089173199 0.6387199874712138 0.8330728744460154 0.6324202605197509 0.8337955097915588 0.6223406973974102 0.8410218632469938 0.6362000966906286 0.8417444985925371 0.6538393321547248 0.8316276037549285 0.671478567618821 0.8135617201163415 0.6815581307411618 0.7875468476767766 0.6916376938635024 0.742020820907538 0.7042371477664282 0.697940064829386 0.709906902022745 0.6488008613324299 0.7168366016693541 0.6148370000918866 0.718726519754793 0.5931579397255824 0.7199864651450855 0.5671430672860174 0.7193564924499393 0.5295660293177568 0.718726519754793 0.4927116266950398 0.7162066289742078 0.4486308706168879 0.7149466835839152 0.4031048438476491 0.7136867381936227 0.3510750989685191 0.709906902022745 0.2968774480527586 0.7086469566324523 0.25279669197460675 0.7054970931567209 0.2224460074617809 0.7017172569858431 0.20221221778656365 0.6947875573392339 0.1877595108756942 0.6834480488266006 0.1848689694935203 0.6739984583994062 0.18342369880243337 0.6305303424343119 0.1848689694935203 0.6223406973974102
1 0.6853367990686113 0.5635625892293046 0.6890450610094725 0.5758470621348685 0.6901575395917304 0.5852220546154304 0.683482668098181 0.5910410154654344 0.6768077966046314 0.5933039446848803 0.6708745774992542 0.5894246374515444 0.674953665634201 0.5732608573126444 0.6660538369761351 0.5667953452570845 0.6527040939890361 0.5790798181626484 0.6464000486895727 0.5794030937654264 0.6404668295841952 0.5771401645459805 0.6438042653309699 0.5713212036959765 0.6478833534659167 0.5632393136265265 0.6326794795083873 0.5580669039820786 0.6271170865970961 0.5655022428459725 0.6200713889094605 0.5703513768876425 0.6145089959981692 0.5700281012848645 0.6096882554750501 0.5674418964626405 0.6108007340573084 0.5577436283793006 0.6156214745804275 0.5528944943376305 0.6078341245046197 0.5493384627070727 0.5926302505470902 0.5593600063931906 0.5852137266653685 0.5616229356126365 0.5792805075599912 0.5593600063931906 0.5774263765895606 0.5545108723515206 0.5892928148003154 0.5431962262542906 0.5815054647245076 0.5399634702265107 0.5722348098723555 0.5457824310765146 0.5618516764379452 0.5499850139126287 0.5555476311384817 0.5499850139126287 0.5477602810626739 0.5441660530626247 0.5481311072567601 0.5393169190209547 0.5614808502438591 0.5328514069653947 0.543681192927727 0.5244462412931667 0.5366354952400914 0.5344677849792847 0.5292189713583697 0.5354376117876186 0.5225440998648202 0.5325281313626167 0.5192066641180454 0.5280022729237247 0.5214316212825618 0.5237996900876107 0.5284773189701976 0.5147479732098268 0.5240274046411645 0.5111919415792688 0.5091943568777212 0.5205669340598307 0.4951029615024499 0.5186272804431628 0.4921363519497612 0.5134548707987148 0.5062277473250324 0.49987729548203885 0.4984403972492247 0.4956747126459249 0.48138239232126473 0.5021402247014848 0.4732242160513709 0.5031100515098188 0.46617851836373525 0.4982609174681488 0.46877430172233786 0.49114885420703286 0.47841578276857605 0.48597644456258493 0.47989908754492044 0.473691971657021 0.49324883053201946 0.47692472768480093 0.49436130911427767 0.48436006654869496 0.49992370202556896 0.48759282257647485 0.5073402259072907 0.4856531689598069 0.5195774903121314 0.49341178342647896 0.5203191427003037 0.5034333271125968 0.5325564071051444 0.5037566027153748 0.5514685430035348 0.5170109024292728 0.5592558930793426 0.5173341780320507 0.5763138980073026 0.5286488241292807 0.5878095100239711 0.5292953753348367 0.6093174292809641 0.5409332970348446 0.621925519879891 0.5422263994459567 0.6326794795083873 0.5480453602959605 0.6549290511535524 0.5516013919265186 0.6679079679465655 0.5570970771737446 0.674582839440115 0.5564505259681886
0 0.1878679061775256 0.6150834119493248 0.2023206130883951 0.6239030296813729 0.22183176741806887 0.6302027566328358 0.26518988815067723 0.6358725108891524 0.3013216554278509 0.6371324562794451 0.34973822357926354 0.6415422651454691 0.3858699908564372 0.6428022105357618 0.4306733822801326 0.6484719647920784 0.4761994090493713 0.6554016644386875 0.5159443530542622 0.6598114733047118 0.5470176729126316 0.6667411729513207 0.5860399815719791 0.6692610637319061 0.6351791850689353 0.6667411729513207 0.6763693997649134 0.664851254865882 0.7226180618796954 0.658551527914419 0.7703119946855647 0.6497319101823709 0.8021079498894774 0.6421722378406155 0.8165606568003468 0.639022374364884 0.8310133637112164 0.6314627020231285 0.8346265404389337 0.6207531662056415 0.8259549162924119 0.6075237396075692 0.8165606568003468 0.5987041218755211 0.797049502470673 0.5892545314483268 0.789100513669695 0.5886245587531805 0.7522461110469778 0.5842147498871564 0.7204501558430649 0.5791749683259861 0.6929900127124131 0.5753951321551083 0.6886542006391523 0.5848447225823028 0.6821504825292609 0.5911444495337657 0.6756467644193697 0.5911444495337657 0.645296079906544 0.5798049410211323 0.614945395393718 0.570355350593938 0.5845947108808922 0.5615357328618898 0.5520761203314359 0.5483063062638177 0.5238933418552405 0.5344469069705994 0.4978784694156755 0.5186975895919419 0.46752778490284963 0.4985384633472606 0.4754767737038278 0.48467906405404215 0.4588561607563279 0.47900930979772555 0.4234470288246977 0.460740101638483 0.39670952103958923 0.44625072965011825 0.3829794494742633 0.46263001972392187 0.37358518998219814 0.47711939171228657 0.36635883652676343 0.4928687090909439 0.3692493779089372 0.5092479991647476 0.3815341787831763 0.5256272892385512 0.36057775376241563 0.5394866885317696 0.3432345054693723 0.5495662516541103 0.3222780804486116 0.5546060332152807 0.2977084787001335 0.555236005910427 0.2839784071348075 0.5514561697395493 0.2716936062605685 0.5432665247026475 0.2630219821140468 0.5331869615803068 0.2478466398576339 0.4991684360424069 0.23917501571111222 0.48971884561521245 0.22472230880024274 0.482159173273457 0.2153280493081776 0.4764894190171403 0.20737906050719943 0.486568982139481 0.2023206130883951 0.5117678899453327 0.19798480101513427 0.5388567158366233 0.19653953032404728 0.5514561697395493 0.1922037182507865 0.5798049410211323
3 0.1878679061775256 0.686270326500856 0.20159797774285163 0.6957199169280502 0.22833548552796012 0.7039095619649521 0.2832557717892641 0.7076893981358299 0.34395714081491574 0.7095793162212688 0.4075490512227414 0.7120992070018539 0.46969569093948005 0.716509015867878 0.5275065185829578 0.7190289066484632 0.59037579364524 0.7202888520387557 0.6467413505976309 0.716509015867878 0.6944352834035 0.7108392616115614 0.7493555696648039 0.7007596984892207 0.7956042317795863 0.69068013536688 0.824509645601325 0.6793406268542467 0.8375170818211076 0.664851254865882 0.841130258548825 0.6516218282678099 0.8418528938943685 0.6320926747182747 0.8367944464755642 0.6226430842910804 0.8259549162924119 0.608783684997862 0.8158380214548034 0.5980741491803749 0.799940043852847 0.5905144768386194 0.7862099722875212 0.5879945860580342 0.747910298973717 0.5835847771920102 0.7197275204975216 0.5785449956308397 0.7031069075500217 0.5747651594599621 0.679259941147087 0.5577558966910121 0.6496318919798046 0.5577558966910121 0.6387923617966527 0.548936278958964 0.6200038428125223 0.5476763335686715 0.6019379591739354 0.5369667977511844 0.5867626169175226 0.5300370981045752 0.5686967332789358 0.5205875076773808 0.547740308258175 0.5130278353356252 0.5332876013473057 0.5086180264696013 0.5181122590908926 0.4928687090909439 0.5029369168344797 0.4815292005783106 0.48776157457806685 0.47522947362684775 0.4689730555939365 0.4695597193705311 0.4458487245365454 0.46514991050450705 0.4342865590078498 0.46514991050450705 0.40032269776730656 0.44562075695497194 0.38659262620198065 0.45759023816275163 0.3714172839455678 0.4802692551880181 0.36635883652676343 0.4966485452618217 0.36635883652676343 0.5086180264696013 0.34395714081491574 0.5180676168967957 0.3215554451030681 0.5243673438482586 0.3013216554278509 0.5256272892385512 0.28542367782589445 0.5212174803725271 0.2731388769516554 0.5136578080307717 0.26229934676850336 0.49475862717638286 0.2521824519308947 0.4802692551880181 0.23989765105665564 0.4764894190171403 0.2261675794913297 0.4764894190171403 0.21171487258046023 0.48089922788316436 0.2023206130883951 0.4991684360424069 0.20159797774285163 0.5186975895919419 0.19653953032404728 0.5451564427880863 0.19292635359632992 0.5772850502405472 0.18714527083198218 0.6125635211687396 0.18208682341317786 0.6239030296813729
2 0.7280128669289964 0.5782326958722758 0.7630114431268411 0.5723652436818552 0.787241226648426 0.5684536088882414 0.8092275116957899 0.5625861566978207 0.8141632083390756 0.5594568488629297 0.8137145086442316 0.5543717236312318 0.8190989049823615 0.5618038297390979 0.8199963043720497 0.5719740802024937 0.8199963043720497 0.5833178211039737 0.8173041062029847 0.5895764367737557 0.8137145086442316 0.597008542881622 0.8002535177989065 0.5915322541705627 0.787241226648426 0.5864471289388647 0.7692932388546594 0.5852736385007806 0.7508965513660487 0.5841001480626965
1 0.49550234516376807 0.42342012003302965 0.4902088082083694 0.4273062279552294 0.48519387846114953 0.4307065723871543 0.48463666404479183 0.43483556205449164 0.48575109287750734 0.4392074334669664 0.4904874154165483 0.44017896044751637 0.4960595595801258 0.4387216699766914 0.5063680262827441 0.43143521762256676 0.5074824551154596 0.42852063668091683 0.5002386677028089 0.42342012003302965
1 0.520298386691688 0.437021497760729 0.5127759920708584 0.4430935413891662 0.5094327055727118 0.44625100407595364 0.5074824551154596 0.4513515207238409 0.5133332064872161 0.45329457468494083 0.5161192785690049 0.45499474690090325 0.5258705308552656 0.4496513485078784 0.529492424561591 0.44625100407595364 0.5303282461861276 0.4416362509183413
1 0.5428655705541771 0.45037999374329096 0.5322784966433798 0.460823908784203 0.5322784966433798 0.4644671349612653 0.5353431759333473 0.4673817159029152 0.5403581056805672 0.46835324288346514 0.5437013921787136 0.46835324288346514 0.554288466089511 0.460823908784203 0.554009858881332 0.4569378008620032
1 0.5645969327921294 0.4644671349612653 0.5598606102530885 0.4702962968445651 0.558746181420373 0.47345375953135244 0.5593033958367308 0.47758274919868976 0.5618108607103407 0.4817117388660271 0.5673830048739182 0.4817117388660271 0.5715621129966013 0.47928292141465223 0.5782486859928944 0.47223935080566504 0.5779700787847155 0.4688390063737401
1 0.5938506896509115 0.4739395230216273 0.5896715815282283 0.47976868490492713 0.5854924734055452 0.4846263198076769 0.5832636157401142 0.48899819122015176 0.5874427238627973 0.4926414173972141 0.5955223328999847 0.4938558261229015 0.6044377635617088 0.4829261475917146 0.6161392663052215 0.48729801900418934 0.610845729349823 0.4960417618291389 0.610845729349823 0.49847057928051375 0.6150248374725061 0.5025995689478512 0.6217114104687991 0.5023566872027138 0.6247760897587668 0.4996849880062013 0.6300696267141656 0.4926414173972141 0.6409353078331417 0.49409870786803906 0.6389850573758895 0.5001707514964763 0.637870628543174 0.5038139776735386 0.6384278429595317 0.5077000855957384 0.642328343874036 0.5096431395568383 0.649293524078508 0.5098860213019758 0.6562587042829798 0.49847057928051375 0.6718607079409967 0.5028424506929886 0.6687960286510293 0.5103717847922509 0.6654527421528827 0.5147436562047256 0.6685174214428504 0.5186297641269254 0.6752039944391435 0.5193584093623379 0.6824477818517942 0.5149865379498632 0.6849552467254041 0.5098860213019758 0.6846766395172252 0.505999913379776 0.6802189241863633 0.5008993967318887 0.6726965295655336 0.4943415896131765 0.6682388142346715 0.4906983634361141 0.6643383133201672 0.4923985356520767 0.6587661691565897 0.4909412451812517 0.6515223817439391 0.48705513725905175 0.6465074519967192 0.4846263198076769 0.6403780934167839 0.4846263198076769 0.6339701276286697 0.4846263198076769 0.6250546969669457 0.4807402118854771 0.6144676230561483 0.4773398674535522 0.6069452284353186 0.47758274919868976
0 0.4177531481250547 0.401336584844354 0.4667251302197364 0.42424468284967376 0.4786695160964879 0.42268276707658387 0.494197217736265 0.4216414898945239 0.4852389283287013 0.43413681607924365 0.48703058621021406 0.4383019248074836 0.5103221386698797 0.45496235972044347 0.5371970068925709 0.4684989630872234 0.5604885593522365 0.4804736506809132 0.5879606468687653 0.49401025404769305 0.6160299536791315 0.5018198329131429 0.6429048219018226 0.5106706889606528 0.6715713480060265 0.5174389906440428 0.6793351988259151 0.5174389906440428 0.6859046110581284 0.5096294117785928 0.7169600143376826 0.5153564362799228 0.7462237597357241 0.5221247379633127 0.7701125314892273 0.5231660151453726 0.7892235488920298 0.5304549554197926 0.8047512505318068 0.5393058114673025 0.8101262241763453 0.5465947517417225 0.8155011978208835 0.5580488007443823 0.7993762768872688 0.5658583796098322 0.7784736016029534 0.5695028497470422 0.7557792684371253 0.5736679584752821 0.7241266458637335 0.578874344385582 0.689487926821154 0.5731473198842522 0.6829185145889406 0.5580488007443823 0.6626130585984628 0.5549249691982024 0.6202104887359946 0.5450328359686324 0.5861689889872524 0.5304549554197926 0.552724708532348 0.5111913275516828 0.515697112314418 0.48984514531945306 0.4918083405609147 0.47526726477061326 0.49001668267940196 0.4695402402692833 0.4762806389211376 0.4695402402692833 0.4535863057553095 0.4627719385858933 0.43626694623401974 0.4653751315410433 0.3968504728407393 0.44402894930881354 0.39087827990236357 0.44038447917160356
0 0.25283918403126826 0.42736851439585377 0.24795284435441534 0.4321015924961265 0.246324064462131 0.4500872892771627 0.24360943130832383 0.47375267977852603 0.2582684503388826 0.4870052984592895 0.2669552764310656 0.5026244561901894 0.27618502915401005 0.5172969983010346 0.289758194923046 0.5234499998313892 0.31256111341502635 0.5248699232614709 0.3353640319070067 0.5206101529712256 0.3663108498604086 0.507357534290462 0.36657497632942826 0.4931966762985651 0.37174011616802294 0.47895906568882596 0.3467654911529969 0.486058682839235 0.33156354549167666 0.486058682839235 0.3190762329841636 0.4832188359790714 0.3146868799923923 0.4812418656648805 0.30930355363045775 0.47801245006877147 0.3017025807997976 0.4690196016782533 0.2930157547076146 0.4557669829974899 0.28595770850771596 0.4415677486966718 0.2767279557847715 0.4335215159262083 0.263697716646497 0.4283151300159084
3 0.691328201314603 0.5749169317299787 0.7268652171462606 0.580080289657549 0.76881863861419 0.5852436475851192 0.7895485645159903 0.5878253265489042 0.8117591994107762 0.5968612029221521 0.8176820353827192 0.5899767256853917 0.8196563140400336 0.5787894501756564 0.819162744375705 0.5641599360475408 0.8176820353827192 0.5572754588107806 0.8137334780680906 0.5542635000196979 0.8083042117604762 0.5443670639918551 0.7984328184739049 0.5361917472732023 0.7865871465300188 0.5275861507272519 0.7712864869358327 0.5237136322815743 0.7549986880129899 0.5228530726269793 0.7298266351322321 0.5185502743540041 0.703173873258489 0.5116657971172439 0.6868860743356457 0.5069327190169712 0.6794825293707172 0.49531516367993833 0.6681304270911599 0.4910123654069631 0.6192670303226305 0.4798250898972277 0.5773136088547013 0.4664864152510047 0.5432573020160294 0.4505660616409967 0.49735532323347154 0.4243189921758481 0.48353537263227125 0.41614367545719533 0.46724757370942815 0.4109803175296251 0.45540190176554224 0.4105500377023277 0.4504662051222565 0.41270143683881527 0.41739703761224173 0.40065360167448477 0.40900635331865587 0.4040958402928648 0.4050577960040272 0.4148528359753028 0.39123784540282697 0.43679710716747605 0.38778285775252697 0.44669354319531895 0.3769243251372983 0.45615969939586437 0.37297576782266956 0.46132305732343454 0.35323298124952646 0.4656258555964097 0.3334901946763833 0.46906809421478984 0.3167088260892116 0.46605613542370716 0.3063438631383114 0.4583110985323519 0.297459609180397 0.43980906595855873 0.2885753552224826 0.4264703913123357 0.27821039227158245 0.4213070333847655 0.2673518596563537 0.420876753557468 0.25945474502709637 0.4230281526939556 0.2515576303978391 0.42733095096693074 0.247115503418882 0.43765766682207113 0.2456347944258962 0.4527174607774842 0.24366051576858191 0.4750920117969549 0.24908978207619623 0.4776736907607401 0.25698689670545355 0.48498844782479794 0.2638968720060536 0.4961757233345333 0.27031327764232516 0.5108052374626489 0.2762361136142681 0.5181199945267067 0.29005606421546837 0.5232833524542768 0.3102924204529401 0.5254347515907644 0.331515916019069 0.5207016734904917 0.3517522722565407 0.5142474760810289 0.36655936218639806 0.5069327190169712 0.3655722228577409 0.4914426452342606 0.36952078017236956 0.47853425041533515 0.37297576782266956 0.46433501611451716 0.3946928330531271 0.445832983540724 0.4386205331783707 0.4673469749055998 0.4588568894158424 0.4656258555964097 0.4795868153176427 0.47380117231506247 0.4934067659188429 0.47638285127884755 0.49636818390481435 0.4845581679975004 0.5170981098066146 0.48843068644317794 0.5220338064499004 0.500048241780211 0.5768200391903727 0.5275861507272519 0.6365419685741309 0.5465184631283427 0.6829375170210173 0.5581360184653756
