2 0.0961472726968208 0.6031347198404851 0.10956317121265625 0.6257740485859574 0.13974894287328604 0.6467363900169503 0.19341253693662785 0.6651832504762241 0.2604920295158052 0.6811146299637787 0.31750959820810587 0.6903380601934156 0.3980049893031187 0.6928535411651348 0.48520832965604915 0.6886610728789361 0.5187480759456378 0.6827916172782582 0.5958894924116916 0.6718911997341418 0.7009806974524028 0.6593137948755461 0.7032166805383754 0.674406680705861 0.7803580970044292 0.6777606553348199 0.8463195980406204 0.6685372251051828 0.899983192103962 0.6559598202465873 0.937994904565496 0.6433824153879913 0.9704166593120983 0.6190660993280397 0.9715346508550846 0.6391899471017929 0.9424668707374412 0.6618292758472651 0.8966292174750032 0.6811146299637787 0.8317857079817985 0.6936920348223744 0.775886130832484 0.6995614904230524 0.717750570597197 0.6995614904230524 0.662968984990869 0.7054309460237304 0.5914175262397465 0.715492869910607 0.5109221351447337 0.730585755740922 0.438252684850625 0.7356167176843603 0.3544033191266534 0.7356167176843603 0.28285186037553095 0.7297472620836822 0.22583429168323024 0.715492869910607 0.17552467224884727 0.6953690221368538 0.13415898515835462 0.6760836680203404 0.10397321349772481 0.6517673519603886 0.09279329806786193 0.6308050105293957
1 0.29869461149668747 0.5098921332295699 0.2681504808229278 0.5489400275568195 0.250101676333888 0.5734100413352292 0.24246564366544807 0.593194307794369 0.24107727408936813 0.6020451638418789 0.2584318937903679 0.6161024057996888 0.2743981439152877 0.6124579356624789 0.27231558955116775 0.589029199066129 0.2875876548880476 0.598400693704669 0.3000829810727675 0.5843434517468592 0.2931411331923675 0.5650798238787493 0.30147135064884745 0.5531051362850595 0.31743760077376726 0.5452955574196096 0.3688072750887267 0.5374859785541597 0.36811309030068673 0.5515432205119695 0.37227819902892667 0.5624766309235995 0.38685607957776647 0.5593527993774194 0.39240955788208637 0.5557083292402095 0.4035165144907263 0.5312383154617997 0.4361431995286059 0.5203049050501699 0.45696874316980574 0.51093341041163 0.47362917808276556 0.50572702450133 0.515974450153205 0.50572702450133 0.5361058090063648 0.5020825543641201 0.5562371678595246 0.4921904211345502 0.5826161898050444 0.47500934763056035 0.5569313526475645 0.4484567794880307 0.5631790157399245 0.41930101839035094 0.5770627115007244 0.40732633079666114 0.5944173312017241 0.3937897274298813 0.5791452658648444 0.37452609956177146 0.5624848309518845 0.37244354519765144 0.5374941785824449 0.39066589588370126 0.5652615701040445 0.40420249925048113 0.5367999937944048 0.4276312358468309 0.517362819729285 0.414615271071081 0.4951489065120052 0.4291931516199209 0.4715466237186456 0.43700273048537075 0.46738151499040564 0.44377103216876074 0.44447341698508586 0.45105997244318063 0.4264246124960461 0.4578282741265705 0.41601184067544617 0.4666791301740804 0.40073977533856625 0.4682410459471704 0.3972688513983664 0.46251402144584053 0.3653363511485267 0.4703236003112904 0.37574912296912655 0.4859427580421902 0.3577003184800869 0.4859427580421902 0.3375689596269271 0.4932316983166102 0.3320154813226071 0.4854221194511602 0.3250736334422072 0.4859427580421902
0 0.09757017102425788 0.5907097683741147 0.09858652697242726 0.6120532432856711 0.10875008645412079 0.6257740485859574 0.12196271378032236 0.6379703199639896 0.14635525653638684 0.6494043243808949 0.17989500282597548 0.6616005957589272 0.2256310204935964 0.6730346001758324 0.27644881790206405 0.6844686045927376 0.3201521236733462 0.6898044733206266 0.37300263297815256 0.6936158081262618 0.42686949823112824 0.6913290072428808 0.5000471264993217 0.6859931385149917 0.5132597538255232 0.6844686045927376 0.5417177203742651 0.6791327358648485 0.5854210261455474 0.6737968671369593 0.6372551795021842 0.6669364644868162 0.6992528923405148 0.6577892609532922 0.7043346720813617 0.6730346001758324 0.7449889100081357 0.6768459349814674 0.7958067074166034 0.6745591340980863 0.843575436980563 0.6692232653701973 0.8994750141298773 0.656264727031038 0.9452110317974983 0.6410193878084978 0.964521794812716 0.6227249807414493 0.9736689983462402 0.5960456371020038 0.9726526423980708 0.5670794925791772 0.9777344221389176 0.5442114837453668 0.9757017102425789 0.5190566740281753 0.9797671340352562 0.5106717374557782 0.9706199305017321 0.4695093215549193 0.961472726968208 0.4397809100709658 0.9431783199011596 0.4131015664315203 0.9157367093005871 0.40624116378137715 0.8811806070628291 0.4131015664315203 0.9045567938707242 0.43444504134307677 0.9025240819743856 0.4664602537104114 0.8913441665445226 0.4900905295053487 0.8771151832701517 0.5114340044169052 0.849673572669579 0.5243925427560644 0.8130847585354825 0.5251548097171914 0.7378744183709504 0.5022868008833811 0.7144982315630551 0.4695093215549193 0.6982365363923456 0.45883758409914116 0.6342061116576763 0.46036211802139526 0.6128626367461198 0.4672225206715383 0.6138789926942892 0.5007622669611269 0.5966009415754102 0.5083849365723971 0.5793228904565313 0.4893282625442218 0.5813556023528699 0.4786565250884436 0.5346032287370797 0.504573601766762 0.5061452621883378 0.504573601766762 0.4695564480542411 0.5068604026501431 0.4055260233195718 0.5274416106005725 0.39028068409703154 0.5609813568901612 0.3719862770299832 0.5602190899290341 0.36792085323730583 0.5388756150174777 0.30490678445080593 0.55107188639551 0.29677593686545106 0.5663172256180503 0.2957595809172817 0.6128155102467983 0.26831797031670923 0.6112909763245441 0.25002356324966085 0.6120532432856711 0.23884364781979794 0.602906039752147 0.27136703816121727 0.5457360176676209 0.2977922928136204 0.5129585383391592 0.23884364781979794 0.5182944070670484 0.18904220635949964 0.5274416106005725 0.15143703627723362 0.5396378819786047 0.12297906972849174 0.5579322890456532 0.10468466266144336 0.5762266961127014
3 0.1321262732620159 0.6753214010592132 0.17582957903329807 0.6981894098930238 0.2144511050637335 0.712672482154437 0.2855960214355882 0.7302046222603584 0.3689372091854752 0.7363027579493746 0.44109848150549913 0.7363027579493746 0.5203742454627087 0.7279178213769775 0.5905028058863941 0.7149592830378182 0.6687622138954342 0.7058120795042939 0.7388907743191198 0.7020007446986588 0.8100356906909744 0.6966648759707698 0.8760988273219823 0.6859931385149917 0.9279329806786193 0.6715100662535783 0.9685872186053934 0.6379703199639896 0.9635054388645465 0.6242495146637035 0.9706199305017321 0.6097664424022902 0.9746853542944095 0.5907097683741147 0.9706199305017321 0.5708908273848123 0.9787507780870868 0.5457360176676209 0.9746853542944095 0.5167698731447943 0.9757017102425789 0.5083849365723971 0.967570862657224 0.4595998510602682 0.9502928115383452 0.42301103692617154 0.929965692574958 0.4100524985870122 0.9106549295597403 0.40624116378137715 0.878131539218321 0.41157703250926625 0.857804420254934 0.4222487699650445 0.8283300977580228 0.4245355708484255 0.794790351468434 0.4245355708484255 0.7551524694898294 0.4176751681982824 0.7002692482886842 0.397093960247853 0.6494514508802165 0.3742259514140425 0.6148953486424585 0.36355421395826437 0.5874537380418859 0.36584101484164544 0.5620448393376523 0.3742259514140425 0.5376522965815878 0.3917580915199639 0.5203742454627087 0.41157703250926625 0.4969980586548136 0.42682237173180654 0.47057280400241047 0.43825637614871177 0.42991856607563633 0.4519771814489981 0.40450966737140254 0.46569798674928436 0.3862152603043542 0.46417345282703026 0.3658881413409671 0.47103385547717347 0.33031568315503973 0.48399239381633263 0.30185771660629784 0.4984754660777459 0.29067780117643494 0.5099094704946512 0.24799085135332213 0.5175321401059213 0.21546746101190284 0.5221057418726834 0.18294407067048354 0.5282038775616995 0.1494043243808949 0.5419246828619858 0.12196271378032236 0.556407755123399 0.103668306713274 0.5762266961127014 0.09147203533524177 0.601381505829893 0.08842296749073371 0.6219627137803224 0.09655381507608855 0.6440684556530057
2 0.043678106863476326 0.49622016382912226 0.07811661419814035 0.49559019113397595 0.12599453902925864 0.4987400546097075 0.16967264589273498 0.5006299726951462 0.21755057072385323 0.5018899180854389 0.2704682771161419 0.5 0.2746680950837838 0.4716512287184168 0.36790405396543524 0.474171119499002 0.3410252189725267 0.4836207099261964 0.3275858014760724 0.48551062801163525 0.3149863475731466 0.4949602184388296 0.29818707570257874 0.5094495904271944 0.262068641180858 0.5132294265980722 0.24022958774911976 0.5170092627689499 0.2091509347885693 0.5233089897204128 0.18311206338918923 0.5283487712815832 0.10331552200399209 0.527718798586437 0.043678106863476326 0.5245689351107055
0 0.042838143269947934 0.49622016382912226 0.07559672341755519 0.4937002730485371 0.12179472106161668 0.49811008191456113 0.17723231823449048 0.5012599453902926 0.27298816789672703 0.4993700273048536 0.2738281314902554 0.4722812014135631 0.36790405396543524 0.4722812014135631 0.393102961771287 0.46157166559607615 0.4124221244224399 0.46157166559607615 0.43258125066712133 0.4521220751688817 0.4510604497247459 0.4470822936077114 0.46869968518884214 0.4351128123999318 0.49473855658822224 0.4212534131067134 0.5232973187681875 0.4086539592037875 0.535056809077585 0.3960545053008616 0.5493361901675676 0.379675215227058 0.5140577192393753 0.3733754882755951 0.5216173915811307 0.3821951060076432 0.5073380104911481 0.3834550513979358 0.3645441995913216 0.34754660777459706 0.35446463646898096 0.3311673177007934 0.3569845272495662 0.3198278091881602 0.33682540100488473 0.3078583279803806 0.3191861655407885 0.29714879216289364 0.3015469300766923 0.2984087375531862 0.28222776742553934 0.3084883006755269 0.2864275853931813 0.31352808223669726 0.262068641180858 0.3299073723105009 0.24022958774911976 0.34187685351828045 0.2091509347885693 0.3582561435920841 0.18311206338918923 0.3677057340192785 0.16127300995745106 0.37085559749500996 0.14027392011924128 0.3721155428853025 0.1293543934033722 0.36518584323869324 0.12515457543573025 0.3525863893357674 0.11339508512633277 0.33872699004254897 0.08147646857225394 0.34754660777459706 0.06803705107579966 0.3771553244464728 0.058797451546987366 0.39920436877659315 0.056277560766402196 0.42251335849700594 0.05039781561170345 0.4344828397047855 0.049557852018175065 0.45590191133975955 0.05123777920523185 0.463461583681515 0.03947828889583437 0.48677057340192786 0.04199817967641954 0.4899204368776593
3 0.040318252489362764 0.5233089897204128 0.08483632294636749 0.527718798586437 0.16799271870567817 0.5314986347573146 0.20999089838209772 0.5226790170252665 0.25366900524557406 0.5138593992932184 0.29314729414140844 0.5100795631223408 0.3124664567925614 0.49559019113397595 0.33010569225665765 0.484880655316489 0.3645441995913216 0.474171119499002 0.39226299817775856 0.46283161098636877 0.4057024156742128 0.46157166559607615 0.4157819787965535 0.45590191133975955 0.43174128707359294 0.45023215708344294 0.44518070457004716 0.448342238998004 0.4611400128470866 0.4401525939611021 0.4829790662788248 0.4262931946678837 0.5148976828329036 0.41054387728922637 0.5249772459552443 0.4086539592037875 0.5384166634516986 0.39542453260571536 0.5392566270452269 0.38849483295910614 0.5518560809481529 0.379675215227058 0.5182575372070172 0.37463543366588764 0.4871788842464667 0.37022562479986365 0.4644998672212002 0.3626659524581081 0.4376210322282917 0.35888611628723033 0.3964628161454005 0.3380970173474027 0.35530460006250936 0.31919783649301386 0.3284257650696008 0.30281854641921024 0.3107865296055047 0.29714879216289364 0.2956671849219936 0.2990387102483325 0.28222776742553934 0.31226813684640464 0.2788679130514258 0.31919783649301386 0.24610933290381853 0.3380970173474027 0.2217503886914952 0.3525863893357674 0.19151169932447312 0.3658158159338395 0.17051260948626334 0.37085559749500996 0.15455330120922392 0.3714855701901562 0.1385939929321845 0.3714855701901562 0.11591497590691793 0.34250682621342676 0.09407592247517979 0.3443967442988656 0.08399635935283908 0.343136798908573 0.06803705107579966 0.3828250787027895 0.05963741514051575 0.39794442338630054 0.0554375971728738 0.4319629489242003 0.049557852018175065 0.43385286700963926 0.049557852018175065 0.45716185673005205 0.049557852018175065 0.46598147446210014 0.03863832530230598 0.4899204368776594 0.04451807045700471 0.4962201638291221
1 0.3574315476884364 0.3281666180170596 0.35648327258695434 0.3352786812781755 0.3579056852391775 0.3413239350501241 0.3626470607465882 0.3448799666806821 0.3707073991091862 0.3455911730067937 0.38350911297919493 0.34096833188706827 0.3977332395014269 0.33243385597372915 0.41006081582069454 0.34416876035457045 0.43424183090848884 0.3530588394309654 0.4157504664295873 0.32852222118011537 0.398207377052168 0.3171429199623298 0.3811384252254896 0.31465369782093927 0.36738843625399875 0.3160761104731624
1 0.49350902475112185 0.37190580707292276 0.5010952255629789 0.3790178703340386 0.5048883259689074 0.3822182988015409 0.5191124524911394 0.3843519177798757 0.5143710769837287 0.371194600746811 0.5015693631137199 0.3694165849315321
1 0.6941692555963128 0.43139597349856873 0.715420334512581 0.45079913250907455 0.7163442944654625 0.4653515017669539 0.7034088551251252 0.45634289222636193 0.6479712579522514 0.4584218021203446 0.6239482991773393 0.46119368197898836 0.6119368197898833 0.4653515017669539 0.6156326596014083 0.48336872084813787 0.6165566195542895 0.5 0.6073170200254773 0.5055437597172874 0.5906857408736151 0.5062367296819482 0.5842180212034465 0.4930703003533907 0.5888378209678526 0.4688163515902585 0.6119368197898833 0.45149210247373545 0.6350358186119142 0.44525537279178723 0.6692223368685197 0.43416785335721236
