2 0.4644575982667905 0.8412256267409473 0.45931600123800675 0.8607242339832869 0.46102986691426806 0.8844011142061283 0.48845171773444757 0.9080779944289695 0.5655756731662025 0.9220055710306408 0.6307025688641288 0.9220055710306408 0.7780950170225936 0.881615598885794 0.8517912411018261 0.8593314763231199 0.889496285979573 0.8412256267409473 0.9083488084184463 0.8119777158774375 0.904921077065924 0.7883008356545962 0.8740714948932219 0.806406685236769 0.8089445991952957 0.8314763231197773 0.7746672856700713 0.848189415041783 0.757528628907459 0.8607242339832869 0.7335345094398019 0.8621169916434542 0.7061126586196225 0.8732590529247912 0.7009710615908388 0.8857938718662954 0.6461273599504797 0.8830083565459611 0.6032807180439492 0.8969359331476325 0.5895697926338596 0.9052924791086352 0.5501508820798515 0.8913649025069639 0.49016558341070876 0.8788300835654597 0.47302692664809665 0.8649025069637886
1 0.5912836583101208 0.7896935933147634 0.6255609718353451 0.8189415041782732 0.7369622407923244 0.7618384401114207 0.6735492107706594 0.7130919220055713 0.5895697926338596 0.7548746518105851
0 0.5844281956050759 0.7827298050139277 0.5484370164035902 0.7980501392757663 0.48845171773444757 0.8189415041782732 0.4695991952955742 0.8384401114206129 0.4747407923243578 0.8621169916434542 0.49702104611575365 0.8774373259052927 0.5501508820798515 0.8885793871866297 0.5844281956050759 0.8969359331476325 0.6118500464252554 0.8830083565459611 0.687260136180749 0.881615598885794 0.7043987929433613 0.8635097493036212 0.7523870318786754 0.8579387186629528 0.7866643454038997 0.8356545961002787 0.8980656143608791 0.7869080779944291 0.9032072113896626 0.7590529247910864 0.8603605694831322 0.678272980501393 0.8535051067780873 0.7353760445682452 0.8175139275766017 0.7465181058495822 0.7438177034973692 0.7506963788300837 0.7489593005261529 0.764623955431755 0.6221332404828227 0.8272980501392759
3 0.5827143299288147 0.7799442896935935 0.546723150727329 0.796657381615599 0.4815962550294027 0.8203342618384403 0.4576021355617456 0.8579387186629528 0.47302692664809665 0.8997214484679668 0.5450092850510678 0.9247910863509751 0.6444134942742186 0.923398328690808 0.8072307335190344 0.8774373259052927 0.8980656143608791 0.8384401114206129 0.9100626740947075 0.806406685236769 0.9066349427421853 0.785515320334262 0.9100626740947075 0.7604456824512537 0.858646703806871 0.6727019498607243 0.8500773754255648 0.7311977715877438 0.8226555246053855 0.7409470752089138 0.7403899721448468 0.7465181058495822 0.6786908077994428 0.7116991643454039 0.5810004642525535 0.7451253481894152
2 0.42846641906530486 0.7785515320334262 0.4079000309501703 0.7994428969359333 0.42161095636026 0.8231197771587745 0.4576021355617456 0.8384401114206129 0.4747407923243578 0.8189415041782732 0.4387496131228722 0.8161559888579388 0.42846641906530486 0.795264623955432
2 0.3067819560507583 0.7033426183844013 0.31877901578458684 0.732590529247911 0.37533658310120704 0.7520891364902508 0.43703574744661094 0.7548746518105851 0.49187944908697 0.7311977715877438 0.40618616527390905 0.7339832869080781 0.34791473228102754 0.7270194986072425 0.32049288146084803 0.7116991643454039
2 0.27764623955431755 0.6211699164345404 0.2605075827917054 0.646239554317549 0.2793601052305788 0.6643454038997215 0.3136374187558032 0.6740947075208915 0.3719088517486846 0.6559888579387188 0.31020968740328075 0.6587743732590531 0.2793601052305788 0.647632311977716
2 0.1970945527700402 0.5668523676880224 0.1970945527700402 0.5933147632311979 0.22451640359021977 0.6044568245125349 0.28450170225936244 0.6100278551532035 0.33763153822346026 0.5905292479108636 0.25879371711544413 0.5988857938718664 0.21766094088517488 0.5877437325905294
2 0.16281723924481586 0.5264623955431755 0.1645311049210771 0.5431754874651812 0.1919529557412566 0.5487465181058496 0.2313718662952646 0.5376044568245126 0.17995589600742806 0.5348189415041783
2 0.09426261219436707 0.44568245125348194 0.09426261219436707 0.4707520891364903 0.11825673166202416 0.4874651810584959 0.17481429897864442 0.49442896935933156 0.226230269266481 0.47353760445682463 0.16795883627359948 0.47632311977715885 0.1131151346332405 0.4665738161559889
2 0.059985298669142685 0.3969359331476323 0.05827143299288147 0.42200557103064074 0.08397941813679974 0.4401114206128135 0.11997059733828537 0.424791086350975 0.08397941813679974 0.4206128133704736
1 0.1473924481584649 0.34261838440111425 0.16624497059733825 0.3662952646239555 0.2725046425255339 0.33147632311977726 0.23308573197152588 0.30501392757660173
1 0.2622214484679666 0.34261838440111425 0.19366682141751781 0.392757660167131 0.2090916125038688 0.41782729805013935 0.3273483441658929 0.3690807799442897
1 0.3462008666047664 0.40389972144846803 0.2536521200866605 0.4512534818941505 0.28450170225936244 0.4832869080779945 0.3770504487774683 0.41922005571030646
1 0.3616256576911173 0.45961002785515326 0.296498761993191 0.5069637883008358 0.3170651501083256 0.5362116991643455 0.4198970906839988 0.4846796657381616
1 0.47302692664809665 0.5041782729805014 0.3564840606623337 0.5696378830083566 0.38733364283503563 0.6100278551532035 0.5021626431445373 0.5682451253481895 0.5347260909935004 0.5362116991643455 0.45931600123800675 0.5208913649025071
1 0.5210151655834108 0.5668523676880224 0.40447229959764786 0.6253481894150419 0.43703574744661094 0.6810584958217273 0.5518647477561127 0.6378830083565461
1 0.5998529866914268 0.6490250696378831 0.5295844939647169 0.7130919220055713 0.5587202104611576 0.753481894150418 0.6615521510368307 0.7033426183844013 0.6204193748065615 0.6504178272980502
0 0.5244428969359332 0.7200557103064068 0.43703574744661094 0.764623955431755 0.4318941504178273 0.7910863509749305 0.44217734447539464 0.8105849582172702 0.47645465800061904 0.8119777158774375 0.5741450015475086 0.7813370473537605 0.577572732900031 0.7506963788300837 0.5604340761374188 0.7576601671309193
0 0.4130416279789539 0.6490250696378831 0.3616256576911173 0.6643454038997215 0.3222067471371093 0.6838440111420614 0.3170651501083256 0.6991643454038998 0.34448700092850515 0.722841225626741 0.39933070256886416 0.7298050139275767 0.4953071804394924 0.7270194986072425 0.5210151655834108 0.7130919220055713 0.5964252553389044 0.6490250696378831 0.5964252553389044 0.6239554317548748 0.5570063447848963 0.6378830083565461 0.4336080160940885 0.6838440111420614
0 0.3599117920148561 0.5821727019498608 0.30335422469823586 0.6072423398328691 0.28621556793562364 0.6309192200557104 0.2896432992881461 0.6490250696378831 0.3222067471371093 0.6559888579387188 0.3856197771587744 0.6518105849582174 0.40447229959764786 0.6420612813370474
0 0.29307103064066853 0.5153203342618385 0.23994119467657074 0.5376044568245126 0.2090916125038688 0.5557103064066853 0.21423320953265243 0.5793871866295266 0.2605075827917054 0.594707520891365 0.3410592695759827 0.5807799442896937 0.4713130609718354 0.49442896935933156 0.5638618074899412 0.5013927576601672 0.5587202104611576 0.4428969359331477 0.45931600123800675 0.4345403899721449 0.42675255338904367 0.4860724233983288 0.3136374187558032 0.5389972144846797
0 0.2553659857629217 0.46239554317548753 0.18852522438873415 0.49303621169916445 0.1696727019498607 0.5069637883008358 0.1696727019498607 0.5264623955431755 0.2279441349427422 0.5334261838440112 0.2947848963169298 0.5027855153203343 0.38047818012999074 0.4442896935933148 0.2793601052305788 0.4874651810584959
0 0.19023909006499537 0.39972144846796664 0.1302537913958527 0.41922005571030646 0.10111807489941196 0.43593314763231206 0.11654286598576294 0.46239554317548753 0.16795883627359948 0.47353760445682463 0.2313718662952646 0.4665738161559889 0.33591767254719895 0.40111420612813375 0.3599117920148561 0.35933147632311985 0.2090916125038688 0.4206128133704736
0 0.1491063138347261 0.35515320334261846 0.07541008975549365 0.3844011142061282 0.06855462705044878 0.40111420612813375 0.08397941813679974 0.4164345403899722 0.1131151346332405 0.42200557103064074 0.18681135871247292 0.3913649025069639 0.25707985143918294 0.34261838440111425 0.1645311049210771 0.3690807799442897
3 0.5210151655834108 0.7186629526462397 0.42846641906530486 0.764623955431755 0.41646935933147633 0.8259052924791088 0.44389121015165584 0.8454038997214485 0.4935933147632312 0.8105849582172702 0.577572732900031 0.7660167130919221 0.6786908077994428 0.7005571030640669 0.6992571959145777 0.6713091922005572 0.7695256886412875 0.6727019498607243 0.8140861962240793 0.6671309192200559 0.8072307335190344 0.6100278551532035 0.647841225626741 0.6114206128133706 0.6152777777777778 0.646239554317549
3 0.3290622098421542 0.7423398328690809 0.38047818012999074 0.7576601671309193 0.42675255338904367 0.7618384401114207 0.6152777777777778 0.6420612813370474 0.63241643454039 0.6100278551532035 0.5450092850510678 0.5571030640668525 0.4079000309501703 0.6378830083565461 0.3239206128133705 0.678272980501393 0.3084958217270195 0.6991643454038998
3 0.28107397090684 0.6225626740947077 0.26393531414422783 0.6364902506963789 0.27593237387805636 0.6657381615598886 0.3136374187558032 0.67966573816156 0.40447229959764786 0.6169916434540391 0.5398676880222841 0.5557103064066853 0.5947113896626431 0.5654596100278553 0.664979882389353 0.5598885793871867 0.6358441658929125 0.49303621169916445 0.4798823893531415 0.5000000000000001 0.35305632930981123 0.5793871866295266
3 0.1919529557412566 0.5668523676880224 0.20395001547508515 0.6016713091922007 0.24165506035283196 0.6100278551532035 0.28450170225936244 0.6142061281337048 0.4301802847415661 0.5236768802228413 0.47816852367688023 0.498607242339833 0.5741450015475086 0.4902506963788301 0.5570063447848963 0.4052924791086351 0.5193012999071495 0.392757660167131 0.45931600123800675 0.3885793871866296 0.4181832250077376 0.392757660167131 0.39247523986381927 0.4428969359331477
3 0.16281723924481586 0.5041782729805014 0.15938950789229342 0.5278551532033428 0.17652816465490562 0.5529247910863511 0.1970945527700402 0.5584958217270196 0.38219204580625193 0.4401114206128135 0.40618616527390905 0.38997214484679676 0.5004487774682761 0.38300835654596105 0.5055903744970598 0.3565459610027856 0.41646935933147633 0.33704735376044576 0.37533658310120704 0.3454038997214485 0.35305632930981123 0.3941504178272981 0.23994119467657074 0.4665738161559889
3 0.09426261219436707 0.4428969359331477 0.09083488084184463 0.47214484679665747 0.1233983286908078 0.4916434540389973 0.16110337356855464 0.49721448467966584 0.35134246363355 0.38997214484679676 0.3684811203961622 0.350974930362117 0.3170651501083256 0.3272980501392758 0.26907691117301147 0.3384401114206128 0.18681135871247292 0.39554317548746526
3 0.06512689569792635 0.39554317548746526 0.054843701640359024 0.424791086350975 0.08226555246053854 0.4428969359331477 0.13710925410089755 0.41364902506963797 0.2193748065614361 0.3704735376044569 0.30335422469823586 0.32451253481894154 0.3633395233673785 0.34122562674094714 0.39761683689260285 0.3342618384401115 0.39761683689260285 0.29805013927576607 0.3239206128133705 0.30640668523676884 0.27079077684927266 0.286908077994429 0.16795883627359948 0.3300835654596101 0.1473924481584649 0.3537604456824513
