2 0.5263729084784426 0.030376670716889428 0.468800871613613 0.05710814094775213 0.47209070229160327 0.11786148238153099 0.48031527898657894 0.19076549210206561 0.5230830778004524 0.24787363304981774 0.5576262999193502 0.30498177399756987 0.5971042680552334 0.39003645200486026 0.6069737600892042 0.4459295261239368 0.6267127441571457 0.511543134872418 0.6711254583100144 0.5589307411907655 0.7319873258528343 0.5978128797083839 0.7796898706836931 0.5868772782503038 0.8389068228875179 0.5637910085054678 0.7796898706836931 0.5625759416767923 0.7385669872088149 0.520048602673147 0.6957991883949414 0.4605103280680438 0.6661907122930288 0.3778857837181045 0.6332924055131263 0.32077764277035237 0.6020390140722188 0.2660996354799514 0.5543364692413599 0.2174969623329283 0.5115686704274864 0.15795868772782504 0.5049890090715059 0.10449574726609963 0.5049890090715059 0.05953827460510328
1 0.7270525798358488 0.10571081409477522 0.6661907122930288 0.09963547995139732 0.6267127441571457 0.11907654921020656 0.6596110509370484 0.11907654921020656 0.6596110509370484 0.1385176184690158 0.6744152889880045 0.1543134872417983 0.7007339344119268 0.1385176184690158 0.7352771565308245 0.1385176184690158 0.7155381724628831 0.15552855407047386 0.6941542730559462 0.17253948967193197 0.7007339344119268 0.18469015795868773 0.7879144473786688 0.1591737545565006 0.7303424105138392 0.1968408262454435 0.7451466485647954 0.204131227217497 0.8043636007686201 0.181044957472661 0.7533712252597711 0.23815309842041313 0.776400040005703 0.2503037667071689 0.8323271615315374 0.20291616038882135 0.8389068228875179 0.23815309842041313 0.8553559762774693 0.2332928311057108 0.8701602143284255 0.16160388821385177 0.8306822461925423 0.15674362089914945 0.7846246167006786 0.1433778857837181 0.751726309920776 0.11786148238153099
0 0.6744152889880045 0.0850546780072904 0.6234229134791556 0.03766707168894289 0.5773652839872918 0.025516403402187124 0.5247279931394475 0.030376670716889428 0.5082788397494962 0.0534629404617254 0.5082788397494962 0.10571081409477522 0.5329525698344232 0.17253948967193197 0.5576262999193502 0.212636695018226 0.5855898606822675 0.25394896719319565 0.6316474901741311 0.2928311057108141 0.6464517282250875 0.362089914945322 0.67935003500499 0.4362089914945322 0.7155381724628831 0.488456865127582 0.7484364792427857 0.5443499392466585 0.7879144473786688 0.5589307411907655 0.8356169922095276 0.5650060753341434 0.9112830978033039 0.5467800729040098 0.9688551346681336 0.5103280680437424 0.9918839494140653 0.48724179829890646 0.9951737800920556 0.44106925880923453 0.9441814045832065 0.3876063183475091 0.9310220818712455 0.34750911300121506 0.9195076744982795 0.29404617253948967 0.9129280131422991 0.25394896719319565 0.9129280131422991 0.21142162818955043 0.8718051296674205 0.2077764277035237 0.8553559762774693 0.23450789793438637 0.7550161405987662 0.24908869987849333 0.7336322411918295 0.1968408262454435 0.6842847810219754 0.18347509113001215 0.6678356276320241 0.15552855407047386 0.6250678288181507 0.11300121506682867
3 0.49018477102054975 0.03766707168894289 0.4622212102576324 0.07897934386391252 0.4589313795796422 0.12879708383961117 0.468800871613613 0.16889428918590524 0.4951195170375351 0.22357229647630616 0.5345974851734183 0.284325637910085 0.5724305379703064 0.33657351154313486 0.5938144373772432 0.3778857837181045 0.6020390140722188 0.4459295261239368 0.6283576594961409 0.48724179829890646 0.6530313895810679 0.5467800729040098 0.7237627491578587 0.5905224787363305 0.7665305479717321 0.5953827460510328 0.8372619075485228 0.5662211421628189 0.8931890290743574 0.5504252733900364 0.9458263199222017 0.5358444714459295 0.9787246267021044 0.511543134872418 0.9984636107700459 0.49210206561360875 0.9968186954310508 0.44106925880923453 0.9441814045832065 0.3718104495747266 0.9326669972102405 0.3086269744835966 0.9343119125492357 0.2332928311057108 0.9951737800920556 0.21992709599027946 0.9951737800920556 0.15674362089914945 0.8997686904303379 0.16403402187120292 0.8405517382265131 0.16281895504252733 0.7796898706836931 0.1324422843256379 0.7221178338188635 0.10085054678007291 0.6809949503439852 0.10085054678007291 0.6332924055131263 0.04495747266099635 0.5823000300042772 0.02794653705953827 0.5263729084784426 0.02794653705953827
3 0.31201392228050134 0.5554156171284635 0.28984899883980997 0.5919395465994963 0.28984899883980997 0.6448362720403025 0.2949639811722772 0.6939546599496222 0.32224388694543576 0.7367758186397986 0.36316374560517367 0.7858942065491185 0.4040836042649115 0.8312342569269524 0.43477349825971495 0.8841309823677583 0.47228336869780807 0.9395465994962219 0.5353681507982372 0.996221662468514 0.6564227326666284 0.996221662468514 0.7109825442129456 0.9634760705289674 0.7399674440969267 0.9508816120906802 0.7655423557592627 0.9206549118387912 0.7075725559913008 0.8879093198992445 0.6342578092259371 0.8627204030226702 0.6035679152311337 0.8211586901763225 0.6001579270094889 0.8010075566750631 0.6393727915584043 0.7795969773299748 0.6683576914423852 0.7418136020151135 0.7263274912103473 0.7141057934508818 0.7825922968674868 0.7191435768261966 0.7979372438648886 0.7078085642317382 0.7621323675376179 0.6863979848866499 0.7109825442129456 0.6725440806045342 0.6444877738908715 0.6561712846347608 0.6018629211203113 0.6385390428211588 0.5558280801281061 0.6070528967254409 0.5336631566874148 0.5944584382871537 0.5080882450250787 0.5982367758186399 0.46205340403287354 0.5591939546599497 0.4160185630406684 0.5390428211586903 0.38703366315668736 0.5302267002518892 0.35804876327270646 0.5302267002518892 0.3358838398320151 0.5377833753148615
0 0.6768826619964973 0.9811083123425695 0.7092775501021232 0.9622166246851387 0.7433774323185715 0.9471032745591941 0.7638373616484404 0.9193954659949624 0.7058675618804784 0.8879093198992445 0.6496027562233389 0.8702770780856425 0.6189128622285354 0.8463476070528968 0.5984529328986665 0.8060453400503779 0.5796979976796199 0.765743073047859 0.53025316846577 0.748110831234257 0.5183182096900131 0.7607052896725441 0.49444829213849933 0.7342569269521413 0.4450034629246494 0.6838790931989925 0.4006736160432667 0.6272040302267003 0.44670845703547185 0.6070528967254409 0.4978582803601441 0.5881612090680102 0.4381834864813598 0.5465994962216626 0.40237861015408916 0.5340050377833754 0.36145875149435125 0.5340050377833754 0.32565387516708066 0.5503778337531487 0.3103089281696789 0.5717884130982368 0.3068989399480341 0.5944584382871537 0.3068989399480341 0.6335012594458439 0.3205388928346134 0.6675062972292193 0.3392938280536599 0.7015113350125946 0.3819186808242202 0.7544080604534006 0.4109035807082012 0.7871536523929472 0.443298468813827 0.8299748110831235 0.4808083392519201 0.8828715365239296 0.5200232038008356 0.9319899244332494 0.567763038903863 0.9760705289672544 0.6103878916744233 0.996221662468514
1 0.5200232038008356 0.7506297229219144 0.5353681507982372 0.739294710327456 0.5490081036848166 0.7569269521410581 0.5626480565713958 0.7241813602015115 0.6018629211203113 0.6889168765743076 0.6496027562233389 0.6687657430730479 0.675177667885675 0.663727959697733 0.6359628033367595 0.6536523929471033 0.6086828975636009 0.6397984886649875 0.5848129800120871 0.6221662468513854 0.5609430624605735 0.6120906801007557 0.5438931213523494 0.5919395465994963 0.4381834864813598 0.6133501259445845 0.4091985865973788 0.6297229219143577 0.4160185630406684 0.642317380352645 0.4381834864813598 0.6284634760705291 0.4484134511462943 0.6410579345088162 0.4262485277056029 0.6586901763224182 0.4398884805921822 0.6700251889168767 0.47228336869780807 0.6536523929471033 0.49274329802767697 0.6498740554156173 0.46205340403287354 0.6914357682619648 0.4671683863653408 0.6977329974811084 0.5183182096900131 0.6738035264483628 0.4876283156952097 0.7002518891687657 0.49444829213849933 0.7141057934508818 0.559238068349751 0.6863979848866499 0.5046782568034338 0.739294710327456
2 0.6871126266614318 0.983627204030227 0.6547177385558061 0.9974811083123427 0.5319581625765925 0.9974811083123427 0.49615328624932176 0.9647355163727961 0.4705783745869856 0.9269521410579347 0.443298468813827 0.8929471032745593 0.41431356892984605 0.8438287153652394 0.3836236749350427 0.8110831234256928 0.3529337809402392 0.7758186397984888 0.318833898723791 0.7329974811083124 0.28984899883980997 0.6863979848866499 0.28473401650734276 0.6385390428211588 0.28984899883980997 0.5856423173803528 0.3137189163913237 0.5478589420654912 0.34781879860777193 0.531486146095718 0.31201392228050134 0.5730478589420656 0.30519394583721166 0.6057934508816122 0.3086039340588565 0.6574307304785895 0.32906386338872545 0.6939546599496222 0.36145875149435125 0.7380352644836273 0.3921486454891546 0.7682619647355164 0.43136351003807005 0.8123425692695215 0.47398836280863044 0.8778337531486148 0.5046782568034338 0.91183879093199 0.5404831331307045 0.9559193954659952 0.5933379505661992 0.9861460957178843
3 0.05626480565713958 0.10453400503778339 0.057969799767961995 0.040302267002518904 0.06819976443289646 0.01763224181360202 0.08524970554112057 0.012594458438287154 0.09036468787358781 0.007556675062972294 0.21141926974197905 0.005037783375314863 0.2352891872934928 0.020151133501259452 0.30178395761556687 0.01763224181360202 0.34611380449694956 0.03148614609571789 0.4398884805921822 0.007556675062972294 0.4671683863653408 0.006297229219143577 0.4978582803601441 0.015113350125944587 0.5149082214683683 0.027707808564231738 0.46375839814369596 0.0730478589420655 0.46205340403287354 0.09571788413098238 0.46375839814369596 0.1297229219143577 0.4705783745869856 0.16750629722921917 0.4211335453731357 0.1989924433249371 0.34952379271859435 0.23299748110831234 0.2813240282856979 0.26952141057934514 0.2216492344069135 0.28967254408060455 0.1756143934147084 0.29848866498740556 0.13810452297661535 0.29848866498740556 0.11593959953592399 0.2846347607052897 0.10741462898181194 0.25566750629722923 0.09718466431687746 0.23173803526448367 0.08695469965194298 0.19143576826196476 0.08354471143029815 0.15869017632241816
0 0.1022996466493447 0.24433249370277083 0.15515446408483946 0.20403022670025192 0.2216492344069135 0.1700251889168766 0.25574911662336175 0.14861460957178843 0.31542391050214613 0.10075566750629723 0.40578859837573394 0.04659949622166248 0.4603484099220511 0.027707808564231738 0.501268268581789 0.020151133501259452 0.44670845703547185 0.0025188916876574315 0.3819186808242202 0.023929471032745595 0.3409988221644823 0.039042821158690184 0.30178395761556687 0.04282115869017633 0.23699418140431522 0.05289672544080605 0.1875493521904653 0.06297229219143578 0.1346945347549705 0.0642317380352645 0.10741462898181194 0.049118387909319904 0.0886596937627654 0.023929471032745595 0.0733147467653637 0.013853904282115869 0.06137978798960682 0.03652392947103275 0.0596747938787844 0.09319899244332495 0.06308478210042923 0.1209068010075567 0.07842972909783093 0.15113350125944586 0.0886596937627654 0.17632241813602018 0.09036468787358781 0.20151133501259447
1 0.09718466431687746 0.040302267002518904 0.12105458186839123 0.04659949622166248 0.12616956420085845 0.057934508816120917 0.13639952886579293 0.07430730478589422 0.16367943463895152 0.041561712846347604 0.17049941108224115 0.057934508816120917 0.19436932863375492 0.04282115869017633 0.20118930507704458 0.05919395465994963 0.2216492344069135 0.03400503778337532 0.23699418140431522 0.03400503778337532 0.23699418140431522 0.055415617128463476 0.25915910484500654 0.032745591939546605 0.269389069509941 0.03526448362720404 0.27791404006405307 0.040302267002518904 0.298373969393922 0.021410579345088165 0.2762090459532307 0.023929471032745595 0.2352891872934928 0.021410579345088165 0.1756143934147084 0.016372795969773302
2 0.10059465253852229 0.24811083123425695 0.11593959953592399 0.2770780856423174 0.1193495877575688 0.29471032745591946 0.15685945819566185 0.3022670025188917 0.21482925796362387 0.29471032745591946 0.32906386338872545 0.24559193954659952 0.45182343936793906 0.18261964735516376 0.47228336869780807 0.17254408060453405 0.4654633922545184 0.12720403022670027 0.46205340403287354 0.09068010075566751 0.501268268581789 0.03526448362720404 0.4995632744709666 0.02267002518891688 0.4484134511462943 0.023929471032745595 0.41942855126231327 0.03526448362720404 0.38703366315668736 0.055415617128463476 0.34440881038612714 0.08438287153652395 0.2813240282856979 0.12594458438287157 0.24722414606924967 0.163727959697733 0.19777931685539973 0.1926952141057935 0.1483344876415498 0.21410579345088165
