2 0.3432624113475178 0.39858156028368796 0.33191489361702126 0.40283687943262414 0.32340425531914896 0.4198581560283688 0.30638297872340425 0.43546099290780144 0.3191489361702128 0.4765957446808511 0.3900709219858156 0.526241134751773 0.5134751773049645 0.577304964539007 0.6283687943262412 0.6354609929078014 0.7432624113475177 0.6581560283687942 0.8156028368794326 0.6411347517730497 0.7404255319148936 0.624113475177305 0.624113475177305 0.5914893617021276 0.5219858156028369 0.5319148936170213 0.4581560283687944 0.4765957446808511 0.4014184397163121 0.42411347517730497 0.35177304964539 0.4156028368794326
1 0.5943262411347517 0.38865248226950355 0.5702127659574469 0.41134751773049644 0.6042553191489362 0.42411347517730497 0.5971631205673759 0.46099290780141844 0.6198581560283688 0.46808510638297873 0.6226950354609929 0.5092198581560283 0.6595744680851063 0.5049645390070922 0.6312056737588653 0.46099290780141844
0 0.5929078014184397 0.37446808510638296 0.5815602836879432 0.34893617021276596 0.4482269503546099 0.3078014184397163 0.4042553191489361 0.34184397163120567 0.35177304964539 0.3914893617021276 0.36028368794326243 0.4127659574468085 0.40283687943262414 0.42411347517730497 0.5276595744680851 0.5319148936170213 0.6226950354609929 0.5886524822695035 0.8184397163120568 0.6354609929078014 0.825531914893617 0.6170212765957447 0.7843971631205675 0.5829787234042553 0.6765957446808512 0.5134751773049645 0.6170212765957447 0.5120567375886524 0.6127659574468085 0.475177304964539 0.5914893617021276 0.46099290780141844 0.5971631205673759 0.425531914893617 0.5659574468085107 0.4156028368794326
3 0.44964539007092197 0.30354609929078014 0.39858156028368796 0.33900709219858155 0.3432624113475178 0.38865248226950355 0.3276595744680851 0.40283687943262414 0.3219858156028369 0.4156028368794326 0.30354609929078014 0.4326241134751773 0.3049645390070922 0.4524822695035461 0.3375886524822695 0.4936170212765958 0.5219858156028369 0.5843971631205673 0.6184397163120567 0.6326241134751773 0.7163120567375887 0.6553191489361702 0.7815602836879433 0.6581560283687942 0.8226950354609929 0.6411347517730497 0.8283687943262411 0.6170212765957447 0.7914893617021277 0.5815602836879432 0.6723404255319149 0.5049645390070922 0.5985815602836879 0.38865248226950355 0.5914893617021276 0.34751773049645396
2 0.012534818941504178 0.5445682451253482 0.001392757660167131 0.6225626740947076 0.036211699164345405 0.6392757660167131 0.13788300835654596 0.6476323119777159 0.23676880222841226 0.6573816155988859 0.30919220055710306 0.6754874651810584 0.40807799442896936 0.6713091922005571 0.48885793871866295 0.6532033426183844 0.541782729805014 0.628133704735376 0.5473537604456824 0.6072423398328691 0.5139275766016713 0.628133704735376 0.36768802228412256 0.6448467966573816 0.266016713091922 0.6323119777158774 0.15459610027855153 0.596100278551532 0.06128133704735376 0.5543175487465181
2 0.6239554317548747 0.24791086350974928 0.6030640668523677 0.27019498607242337 0.5738161559888579 0.2743732590529248 0.5779944289693594 0.32729805013927576 0.6211699164345403 0.4011142061281337 0.7033426183844012 0.4777158774373259 0.7604456824512534 0.5473537604456824 0.8495821727019499 0.6295264623955432 0.9164345403899722 0.6573816155988859 0.979108635097493 0.6559888579387185 0.9944289693593314 0.628133704735376 0.947075208913649 0.6462395543175488 0.8941504178272982 0.6253481894150418 0.8356545961002786 0.5821727019498607 0.7701949860724234 0.5083565459610028 0.7256267409470751 0.4289693593314763 0.6657381615598886 0.31337047353760444 0.6253481894150418 0.2785515320334262
1 0.2576601671309192 0.42200557103064074 0.22423398328690808 0.43175487465181056 0.29108635097493035 0.5194986072423399 0.35515320334261846 0.5515320334261838 0.3955431754874652 0.541782729805014 0.3245125348189415 0.5027855153203342 0.27298050139275765 0.44846796657381616
1 0.8941504178272982 0.3231197771587744 0.8537604456824512 0.31197771587743733 0.8537604456824512 0.3732590529247911 0.8635097493036211 0.4387186629526462 0.8913649025069639 0.45125348189415043 0.8844011142061281 0.3885793871866296
0 0.07799442896935933 0.42200557103064074 0.05571030640668524 0.46518105849582175 0.01532033426183844 0.5181058495821727 0.01532033426183844 0.5376044568245125 0.04874651810584958 0.5473537604456824 0.13370473537604458 0.5821727019498607 0.22841225626740946 0.616991643454039 0.35097493036211697 0.6406685236768801 0.5111420612813371 0.6267409470752089 0.5403899721448467 0.6058495821727019 0.40947075208913647 0.5473537604456824 0.35097493036211697 0.5584958217270195 0.28551532033426186 0.520891364902507 0.21727019498607242 0.4289693593314763 0.2520891364902507 0.40807799442896936
0 0.7562674094707521 0.19498607242339833 0.6866295264623955 0.2200557103064067 0.6295264623955432 0.2437325905292479 0.6309192200557103 0.2785515320334262 0.6657381615598886 0.3064066852367688 0.7353760445682451 0.43454038997214484 0.7757660167130919 0.5111420612813371 0.8370473537604457 0.5807799442896936 0.9025069637883009 0.6267409470752089 0.9554317548746518 0.6406685236768801 0.9930362116991645 0.6239554317548747 0.979108635097493 0.5891364902506964 0.9275766016713092 0.5125348189415042 0.8997214484679665 0.4596100278551532 0.8607242339832869 0.4387186629526462 0.8467966573816156 0.36629526462395545 0.8537604456824512 0.3064066852367688 0.8955431754874652 0.3147632311977716 0.8969359331476323 0.2938718662952646 0.8259052924791086 0.2618384401114206
3 0.2576601671309192 0.4052924791086351 0.07520891364902507 0.42200557103064074 0.054317548746518104 0.4623955431754874 0.012534818941504178 0.5181058495821727 0.002785515320334262 0.6253481894150418 0.037604456824512536 0.6420612813370474 0.2437325905292479 0.6643454038997214 0.3398328690807799 0.6782729805013927 0.45125348189415043 0.6643454038997214 0.5222841225626741 0.6448467966573816 0.5459610027855153 0.6253481894150418 0.5473537604456824 0.6044568245125348 0.4011142061281337 0.5389972144846796 0.32590529247910865 0.5013927576601671
3 0.6239554317548747 0.24651810584958217 0.6072423398328691 0.26323119777158777 0.5724233983286908 0.2841225626740947 0.5793871866295265 0.3342618384401114 0.6295264623955432 0.41364902506963797 0.6991643454038997 0.4791086350974931 0.7604456824512534 0.552924791086351 0.8565459610027856 0.6350974930362117 0.9317548746518106 0.6601671309192202 0.9805013927576601 0.6587743732590529 0.9958217270194986 0.628133704735376 0.9818941504178273 0.5863509749303621 0.9317548746518106 0.5153203342618384 0.8955431754874652 0.45264623955431754 0.8871866295264624 0.3885793871866296 0.9052924791086351 0.29526462395543174 0.8272980501392759 0.2604456824512535 0.7618384401114207 0.19498607242339833
